premium_id|contract_id|ammdmt_id|premium_cycle|frequency|uwy|single_premium|premium_date|product_code
1|1|1|1|12|2026|106.00|2026-03-02|PP2026
2|1|1|2|12|2026|106.00|2026-04-02|PP2026
3|1|1|3|12|2026|106.00|2026-05-02|PP2026
4|1|1|4|12|2026|106.00|2026-06-02|PP2026
5|1|1|5|12|2026|106.00|2026-07-02|PP2026
6|1|1|6|12|2026|106.00|2026-08-02|PP2026
7|1|1|7|12|2026|106.00|2026-09-02|PP2026
8|1|1|8|12|2026|106.00|2026-10-02|PP2026
9|1|1|9|12|2026|106.00|2026-11-02|PP2026
10|1|1|10|12|2026|106.00|2026-12-02|PP2026
11|1|1|11|12|2026|106.00|2027-01-02|PP2026
12|1|1|12|12|2026|106.00|2027-02-02|PP2026
13|2|1|1|12|2026|166.00|2026-02-11|PP2026
14|2|1|2|12|2026|166.00|2026-03-11|PP2026
15|2|1|3|12|2026|166.00|2026-04-11|PP2026
16|2|1|4|12|2026|166.00|2026-05-11|PP2026
17|2|1|5|12|2026|166.00|2026-06-11|PP2026
18|2|1|6|12|2026|166.00|2026-07-11|PP2026
19|2|1|7|12|2026|166.00|2026-08-11|PP2026
20|2|1|8|12|2026|166.00|2026-09-11|PP2026
21|2|1|9|12|2026|166.00|2026-10-11|PP2026
22|2|1|10|12|2026|166.00|2026-11-11|PP2026
23|2|1|11|12|2026|166.00|2026-12-11|PP2026
24|2|1|12|12|2026|166.00|2027-01-11|PP2026
25|3|1|1|2|2026|1056.00|2026-01-24|VP2026
26|3|1|2|2|2026|1056.00|2026-07-24|VP2026
27|4|1|1|4|2026|558.00|2026-03-24|PP2026
28|4|1|2|4|2026|558.00|2026-06-24|PP2026
29|4|1|3|4|2026|558.00|2026-09-24|PP2026
30|4|1|4|4|2026|558.00|2026-12-24|PP2026
31|5|1|1|1|2026|1260.00|2026-04-10|PP2026
32|6|1|1|2|2026|1128.00|2026-03-31|VP2026
33|6|1|2|2|2026|1128.00|2026-09-30|VP2026
34|7|1|1|1|2026|1896.00|2026-01-20|VP2026
35|8|1|1|1|2026|2268.00|2026-02-16|IP2026
36|9|1|1|1|2026|2100.00|2026-03-11|VP2026
37|10|1|1|1|2026|2148.00|2026-04-07|PP2026
38|11|1|1|12|2026|212.00|2026-01-06|IP2026
39|11|1|2|12|2026|212.00|2026-02-06|IP2026
40|11|1|3|12|2026|212.00|2026-03-06|IP2026
41|11|1|4|12|2026|212.00|2026-04-06|IP2026
42|11|1|5|12|2026|212.00|2026-05-06|IP2026
43|11|1|6|12|2026|212.00|2026-06-06|IP2026
44|11|1|7|12|2026|212.00|2026-07-06|IP2026
45|11|1|8|12|2026|212.00|2026-08-06|IP2026
46|11|1|9|12|2026|212.00|2026-09-06|IP2026
47|11|1|10|12|2026|212.00|2026-10-06|IP2026
48|11|1|11|12|2026|212.00|2026-11-06|IP2026
49|11|1|12|12|2026|212.00|2026-12-06|IP2026
50|12|1|1|1|2026|1284.00|2026-03-04|IP2026
51|13|1|1|12|2026|186.00|2026-01-31|VP2026
52|13|1|2|12|2026|186.00|2026-02-28|VP2026
53|13|1|3|12|2026|186.00|2026-03-31|VP2026
54|13|1|4|12|2026|186.00|2026-04-30|VP2026
55|13|1|5|12|2026|186.00|2026-05-31|VP2026
56|13|1|6|12|2026|186.00|2026-06-30|VP2026
57|13|1|7|12|2026|186.00|2026-07-31|VP2026
58|13|1|8|12|2026|186.00|2026-08-31|VP2026
59|13|1|9|12|2026|186.00|2026-09-30|VP2026
60|13|1|10|12|2026|186.00|2026-10-31|VP2026
61|13|1|11|12|2026|186.00|2026-11-30|VP2026
62|13|1|12|12|2026|186.00|2026-12-31|VP2026
63|14|1|1|12|2026|202.00|2026-03-29|VP2026
64|14|1|2|12|2026|202.00|2026-04-29|VP2026
65|14|1|3|12|2026|202.00|2026-05-29|VP2026
66|14|1|4|12|2026|202.00|2026-06-29|VP2026
67|14|1|5|12|2026|202.00|2026-07-29|VP2026
68|14|1|6|12|2026|202.00|2026-08-29|VP2026
69|14|1|7|12|2026|202.00|2026-09-29|VP2026
70|14|1|8|12|2026|202.00|2026-10-29|VP2026
71|14|1|9|12|2026|202.00|2026-11-29|VP2026
72|14|1|10|12|2026|202.00|2026-12-29|VP2026
73|14|1|11|12|2026|202.00|2027-01-29|VP2026
74|14|1|12|12|2026|202.00|2027-02-28|VP2026
75|15|1|1|4|2026|372.00|2026-03-16|PP2026
76|15|1|2|4|2026|372.00|2026-06-16|PP2026
77|15|1|3|4|2026|372.00|2026-09-16|PP2026
78|15|1|4|4|2026|372.00|2026-12-16|PP2026
79|16|1|1|12|2026|205.00|2026-01-31|VP2026
80|16|1|2|12|2026|205.00|2026-02-28|VP2026
81|16|1|3|12|2026|205.00|2026-03-31|VP2026
82|16|1|4|12|2026|205.00|2026-04-30|VP2026
83|16|1|5|12|2026|205.00|2026-05-31|VP2026
84|16|1|6|12|2026|205.00|2026-06-30|VP2026
85|16|1|7|12|2026|205.00|2026-07-31|VP2026
86|16|1|8|12|2026|205.00|2026-08-31|VP2026
87|16|1|9|12|2026|205.00|2026-09-30|VP2026
88|16|1|10|12|2026|205.00|2026-10-31|VP2026
89|16|1|11|12|2026|205.00|2026-11-30|VP2026
90|16|1|12|12|2026|205.00|2026-12-31|VP2026
91|17|1|1|4|2026|498.00|2026-01-06|VP2026
92|17|1|2|4|2026|498.00|2026-04-06|VP2026
93|17|1|3|4|2026|498.00|2026-07-06|VP2026
94|17|1|4|4|2026|498.00|2026-10-06|VP2026
95|18|1|1|12|2026|165.00|2026-01-04|VP2026
96|18|1|2|12|2026|165.00|2026-02-04|VP2026
97|18|1|3|12|2026|165.00|2026-03-04|VP2026
98|18|1|4|12|2026|165.00|2026-04-04|VP2026
99|18|1|5|12|2026|165.00|2026-05-04|VP2026
100|18|1|6|12|2026|165.00|2026-06-04|VP2026
101|18|1|7|12|2026|165.00|2026-07-04|VP2026
102|18|1|8|12|2026|165.00|2026-08-04|VP2026
103|18|1|9|12|2026|165.00|2026-09-04|VP2026
104|18|1|10|12|2026|165.00|2026-10-04|VP2026
105|18|1|11|12|2026|165.00|2026-11-04|VP2026
106|18|1|12|12|2026|165.00|2026-12-04|VP2026
107|19|1|1|1|2026|2064.00|2026-03-06|VP2026
108|20|1|1|2|2026|1158.00|2026-06-15|VP2026
109|20|1|2|2|2026|1158.00|2026-12-15|VP2026
110|21|1|1|4|2026|549.00|2026-06-03|PP2026
111|21|1|2|4|2026|549.00|2026-09-03|PP2026
112|21|1|3|4|2026|549.00|2026-12-03|PP2026
113|21|1|4|4|2026|549.00|2027-03-03|PP2026
114|22|1|1|2|2026|684.00|2026-03-23|IP2026
115|22|1|2|2|2026|684.00|2026-09-23|IP2026
116|23|1|1|2|2026|972.00|2026-06-11|VP2026
117|23|1|2|2|2026|972.00|2026-12-11|VP2026
118|24|1|1|12|2026|201.00|2026-04-22|VP2026
119|24|1|2|12|2026|201.00|2026-05-22|VP2026
120|24|1|3|12|2026|201.00|2026-06-22|VP2026
121|24|1|4|12|2026|201.00|2026-07-22|VP2026
122|24|1|5|12|2026|201.00|2026-08-22|VP2026
123|24|1|6|12|2026|201.00|2026-09-22|VP2026
124|24|1|7|12|2026|201.00|2026-10-22|VP2026
125|24|1|8|12|2026|201.00|2026-11-22|VP2026
126|24|1|9|12|2026|201.00|2026-12-22|VP2026
127|24|1|10|12|2026|201.00|2027-01-22|VP2026
128|24|1|11|12|2026|201.00|2027-02-22|VP2026
129|24|1|12|12|2026|201.00|2027-03-22|VP2026
130|25|1|1|1|2026|1920.00|2026-02-08|PP2026
131|26|1|1|4|2026|381.00|2026-04-30|PP2026
132|26|1|2|4|2026|381.00|2026-07-30|PP2026
133|26|1|3|4|2026|381.00|2026-10-30|PP2026
134|26|1|4|4|2026|381.00|2027-01-30|PP2026
135|27|1|1|4|2026|558.00|2026-04-16|VP2026
136|27|1|2|4|2026|558.00|2026-07-16|VP2026
137|27|1|3|4|2026|558.00|2026-10-16|VP2026
138|27|1|4|4|2026|558.00|2027-01-16|VP2026
139|28|1|1|4|2026|579.00|2026-03-09|VP2026
140|28|1|2|4|2026|579.00|2026-06-09|VP2026
141|28|1|3|4|2026|579.00|2026-09-09|VP2026
142|28|1|4|4|2026|579.00|2026-12-09|VP2026
143|29|1|1|12|2026|186.00|2026-06-22|PP2026
144|29|1|2|12|2026|186.00|2026-07-22|PP2026
145|29|1|3|12|2026|186.00|2026-08-22|PP2026
146|29|1|4|12|2026|186.00|2026-09-22|PP2026
147|29|1|5|12|2026|186.00|2026-10-22|PP2026
148|29|1|6|12|2026|186.00|2026-11-22|PP2026
149|29|1|7|12|2026|186.00|2026-12-22|PP2026
150|29|1|8|12|2026|186.00|2027-01-22|PP2026
151|29|1|9|12|2026|186.00|2027-02-22|PP2026
152|29|1|10|12|2026|186.00|2027-03-22|PP2026
153|29|1|11|12|2026|186.00|2027-04-22|PP2026
154|29|1|12|12|2026|186.00|2027-05-22|PP2026
155|30|1|1|1|2026|2328.00|2026-05-13|VP2026
156|31|1|1|1|2026|2124.00|2026-05-03|VP2026
157|32|1|1|2|2026|1152.00|2026-01-31|IP2026
158|32|1|2|2|2026|1152.00|2026-07-31|IP2026
159|33|1|1|12|2026|143.00|2026-06-13|IP2026
160|33|1|2|12|2026|143.00|2026-07-13|IP2026
161|33|1|3|12|2026|143.00|2026-08-13|IP2026
162|33|1|4|12|2026|143.00|2026-09-13|IP2026
163|33|1|5|12|2026|143.00|2026-10-13|IP2026
164|33|1|6|12|2026|143.00|2026-11-13|IP2026
165|33|1|7|12|2026|143.00|2026-12-13|IP2026
166|33|1|8|12|2026|143.00|2027-01-13|IP2026
167|33|1|9|12|2026|143.00|2027-02-13|IP2026
168|33|1|10|12|2026|143.00|2027-03-13|IP2026
169|33|1|11|12|2026|143.00|2027-04-13|IP2026
170|33|1|12|12|2026|143.00|2027-05-13|IP2026
171|34|1|1|4|2026|519.00|2026-05-12|PP2026
172|34|1|2|4|2026|519.00|2026-08-12|PP2026
173|34|1|3|4|2026|519.00|2026-11-12|PP2026
174|34|1|4|4|2026|519.00|2027-02-12|PP2026
175|35|1|1|4|2026|486.00|2026-02-05|VP2026
176|35|1|2|4|2026|486.00|2026-05-05|VP2026
177|35|1|3|4|2026|486.00|2026-08-05|VP2026
178|35|1|4|4|2026|486.00|2026-11-05|VP2026
179|36|1|1|2|2026|870.00|2026-02-23|PP2026
180|36|1|2|2|2026|870.00|2026-08-23|PP2026
181|37|1|1|12|2026|148.00|2026-04-27|PP2026
182|37|1|2|12|2026|148.00|2026-05-27|PP2026
183|37|1|3|12|2026|148.00|2026-06-27|PP2026
184|37|1|4|12|2026|148.00|2026-07-27|PP2026
185|37|1|5|12|2026|148.00|2026-08-27|PP2026
186|37|1|6|12|2026|148.00|2026-09-27|PP2026
187|37|1|7|12|2026|148.00|2026-10-27|PP2026
188|37|1|8|12|2026|148.00|2026-11-27|PP2026
189|37|1|9|12|2026|148.00|2026-12-27|PP2026
190|37|1|10|12|2026|148.00|2027-01-27|PP2026
191|37|1|11|12|2026|148.00|2027-02-27|PP2026
192|37|1|12|12|2026|148.00|2027-03-27|PP2026
193|38|1|1|12|2026|189.00|2026-01-12|VP2026
194|38|1|2|12|2026|189.00|2026-02-12|VP2026
195|38|1|3|12|2026|189.00|2026-03-12|VP2026
196|38|1|4|12|2026|189.00|2026-04-12|VP2026
197|38|1|5|12|2026|189.00|2026-05-12|VP2026
198|38|1|6|12|2026|189.00|2026-06-12|VP2026
199|38|1|7|12|2026|189.00|2026-07-12|VP2026
200|38|1|8|12|2026|189.00|2026-08-12|VP2026
201|38|1|9|12|2026|189.00|2026-09-12|VP2026
202|38|1|10|12|2026|189.00|2026-10-12|VP2026
203|38|1|11|12|2026|189.00|2026-11-12|VP2026
204|38|1|12|12|2026|189.00|2026-12-12|VP2026
205|39|1|1|4|2026|336.00|2026-01-20|IP2026
206|39|1|2|4|2026|336.00|2026-04-20|IP2026
207|39|1|3|4|2026|336.00|2026-07-20|IP2026
208|39|1|4|4|2026|336.00|2026-10-20|IP2026
209|40|1|1|12|2026|163.00|2026-03-17|PP2026
210|40|1|2|12|2026|163.00|2026-04-17|PP2026
211|40|1|3|12|2026|163.00|2026-05-17|PP2026
212|40|1|4|12|2026|163.00|2026-06-17|PP2026
213|40|1|5|12|2026|163.00|2026-07-17|PP2026
214|40|1|6|12|2026|163.00|2026-08-17|PP2026
215|40|1|7|12|2026|163.00|2026-09-17|PP2026
216|40|1|8|12|2026|163.00|2026-10-17|PP2026
217|40|1|9|12|2026|163.00|2026-11-17|PP2026
218|40|1|10|12|2026|163.00|2026-12-17|PP2026
219|40|1|11|12|2026|163.00|2027-01-17|PP2026
220|40|1|12|12|2026|163.00|2027-02-17|PP2026
221|41|1|1|2|2026|810.00|2026-03-03|IP2026
222|41|1|2|2|2026|810.00|2026-09-03|IP2026
223|42|1|1|1|2026|1320.00|2026-04-02|PP2026
224|43|1|1|2|2026|1002.00|2026-02-12|VP2026
225|43|1|2|2|2026|1002.00|2026-08-12|VP2026
226|44|1|1|1|2026|1968.00|2026-06-04|PP2026
227|45|1|1|12|2026|122.00|2026-06-24|IP2026
228|45|1|2|12|2026|122.00|2026-07-24|IP2026
229|45|1|3|12|2026|122.00|2026-08-24|IP2026
230|45|1|4|12|2026|122.00|2026-09-24|IP2026
231|45|1|5|12|2026|122.00|2026-10-24|IP2026
232|45|1|6|12|2026|122.00|2026-11-24|IP2026
233|45|1|7|12|2026|122.00|2026-12-24|IP2026
234|45|1|8|12|2026|122.00|2027-01-24|IP2026
235|45|1|9|12|2026|122.00|2027-02-24|IP2026
236|45|1|10|12|2026|122.00|2027-03-24|IP2026
237|45|1|11|12|2026|122.00|2027-04-24|IP2026
238|45|1|12|12|2026|122.00|2027-05-24|IP2026
239|46|1|1|12|2026|194.00|2026-02-15|VP2026
240|46|1|2|12|2026|194.00|2026-03-15|VP2026
241|46|1|3|12|2026|194.00|2026-04-15|VP2026
242|46|1|4|12|2026|194.00|2026-05-15|VP2026
243|46|1|5|12|2026|194.00|2026-06-15|VP2026
244|46|1|6|12|2026|194.00|2026-07-15|VP2026
245|46|1|7|12|2026|194.00|2026-08-15|VP2026
246|46|1|8|12|2026|194.00|2026-09-15|VP2026
247|46|1|9|12|2026|194.00|2026-10-15|VP2026
248|46|1|10|12|2026|194.00|2026-11-15|VP2026
249|46|1|11|12|2026|194.00|2026-12-15|VP2026
250|46|1|12|12|2026|194.00|2027-01-15|VP2026
251|47|1|1|4|2026|486.00|2026-03-27|PP2026
252|47|1|2|4|2026|486.00|2026-06-27|PP2026
253|47|1|3|4|2026|486.00|2026-09-27|PP2026
254|47|1|4|4|2026|486.00|2026-12-27|PP2026
255|48|1|1|2|2026|1116.00|2026-03-08|PP2026
256|48|1|2|2|2026|1116.00|2026-09-08|PP2026
257|49|1|1|2|2026|1164.00|2026-01-15|VP2026
258|49|1|2|2|2026|1164.00|2026-07-15|VP2026
259|50|1|1|2|2026|1092.00|2026-03-26|VP2026
260|50|1|2|2|2026|1092.00|2026-09-26|VP2026
261|51|1|1|2|2026|1146.00|2026-06-07|VP2026
262|51|1|2|2|2026|1146.00|2026-12-07|VP2026
263|52|1|1|2|2026|1020.00|2026-05-22|PP2026
264|52|1|2|2|2026|1020.00|2026-11-22|PP2026
265|53|1|1|12|2026|182.00|2026-04-25|PP2026
266|53|1|2|12|2026|182.00|2026-05-25|PP2026
267|53|1|3|12|2026|182.00|2026-06-25|PP2026
268|53|1|4|12|2026|182.00|2026-07-25|PP2026
269|53|1|5|12|2026|182.00|2026-08-25|PP2026
270|53|1|6|12|2026|182.00|2026-09-25|PP2026
271|53|1|7|12|2026|182.00|2026-10-25|PP2026
272|53|1|8|12|2026|182.00|2026-11-25|PP2026
273|53|1|9|12|2026|182.00|2026-12-25|PP2026
274|53|1|10|12|2026|182.00|2027-01-25|PP2026
275|53|1|11|12|2026|182.00|2027-02-25|PP2026
276|53|1|12|12|2026|182.00|2027-03-25|PP2026
277|54|1|1|2|2026|1248.00|2026-02-10|VP2026
278|54|1|2|2|2026|1248.00|2026-08-10|VP2026
279|55|1|1|1|2026|1980.00|2026-04-12|IP2026
280|56|1|1|2|2026|1182.00|2026-02-24|IP2026
281|56|1|2|2|2026|1182.00|2026-08-24|IP2026
282|57|1|1|1|2026|1524.00|2026-02-03|PP2026
283|58|1|1|2|2026|708.00|2026-02-02|PP2026
284|58|1|2|2|2026|708.00|2026-08-02|PP2026
285|59|1|1|1|2026|1968.00|2026-03-29|VP2026
286|60|1|1|2|2026|960.00|2026-04-16|IP2026
287|60|1|2|2|2026|960.00|2026-10-16|IP2026
288|61|1|1|12|2026|127.00|2026-03-19|PP2026
289|61|1|2|12|2026|127.00|2026-04-19|PP2026
290|61|1|3|12|2026|127.00|2026-05-19|PP2026
291|61|1|4|12|2026|127.00|2026-06-19|PP2026
292|61|1|5|12|2026|127.00|2026-07-19|PP2026
293|61|1|6|12|2026|127.00|2026-08-19|PP2026
294|61|1|7|12|2026|127.00|2026-09-19|PP2026
295|61|1|8|12|2026|127.00|2026-10-19|PP2026
296|61|1|9|12|2026|127.00|2026-11-19|PP2026
297|61|1|10|12|2026|127.00|2026-12-19|PP2026
298|61|1|11|12|2026|127.00|2027-01-19|PP2026
299|61|1|12|12|2026|127.00|2027-02-19|PP2026
300|62|1|1|1|2026|1932.00|2026-05-07|VP2026
301|63|1|1|4|2026|600.00|2026-06-13|VP2026
302|63|1|2|4|2026|600.00|2026-09-13|VP2026
303|63|1|3|4|2026|600.00|2026-12-13|VP2026
304|63|1|4|4|2026|600.00|2027-03-13|VP2026
305|64|1|1|2|2026|696.00|2026-02-24|PP2026
306|64|1|2|2|2026|696.00|2026-08-24|PP2026
307|65|1|1|1|2026|1968.00|2026-03-06|PP2026
308|66|1|1|2|2026|948.00|2026-05-28|PP2026
309|66|1|2|2|2026|948.00|2026-11-28|PP2026
310|67|1|1|2|2026|1290.00|2026-02-19|IP2026
311|67|1|2|2|2026|1290.00|2026-08-19|IP2026
312|68|1|1|2|2026|1242.00|2026-06-07|VP2026
313|68|1|2|2|2026|1242.00|2026-12-07|VP2026
314|69|1|1|4|2026|450.00|2026-02-03|PP2026
315|69|1|2|4|2026|450.00|2026-05-03|PP2026
316|69|1|3|4|2026|450.00|2026-08-03|PP2026
317|69|1|4|4|2026|450.00|2026-11-03|PP2026
318|70|1|1|2|2026|852.00|2026-03-29|PP2026
319|70|1|2|2|2026|852.00|2026-09-29|PP2026
320|71|1|1|12|2026|108.00|2026-03-28|PP2026
321|71|1|2|12|2026|108.00|2026-04-28|PP2026
322|71|1|3|12|2026|108.00|2026-05-28|PP2026
323|71|1|4|12|2026|108.00|2026-06-28|PP2026
324|71|1|5|12|2026|108.00|2026-07-28|PP2026
325|71|1|6|12|2026|108.00|2026-08-28|PP2026
326|71|1|7|12|2026|108.00|2026-09-28|PP2026
327|71|1|8|12|2026|108.00|2026-10-28|PP2026
328|71|1|9|12|2026|108.00|2026-11-28|PP2026
329|71|1|10|12|2026|108.00|2026-12-28|PP2026
330|71|1|11|12|2026|108.00|2027-01-28|PP2026
331|71|1|12|12|2026|108.00|2027-02-28|PP2026
332|72|1|1|12|2026|181.00|2026-03-14|PP2026
333|72|1|2|12|2026|181.00|2026-04-14|PP2026
334|72|1|3|12|2026|181.00|2026-05-14|PP2026
335|72|1|4|12|2026|181.00|2026-06-14|PP2026
336|72|1|5|12|2026|181.00|2026-07-14|PP2026
337|72|1|6|12|2026|181.00|2026-08-14|PP2026
338|72|1|7|12|2026|181.00|2026-09-14|PP2026
339|72|1|8|12|2026|181.00|2026-10-14|PP2026
340|72|1|9|12|2026|181.00|2026-11-14|PP2026
341|72|1|10|12|2026|181.00|2026-12-14|PP2026
342|72|1|11|12|2026|181.00|2027-01-14|PP2026
343|72|1|12|12|2026|181.00|2027-02-14|PP2026
344|73|1|1|4|2026|312.00|2026-05-07|PP2026
345|73|1|2|4|2026|312.00|2026-08-07|PP2026
346|73|1|3|4|2026|312.00|2026-11-07|PP2026
347|73|1|4|4|2026|312.00|2027-02-07|PP2026
348|74|1|1|1|2026|1920.00|2026-02-27|VP2026
349|75|1|1|2|2026|792.00|2026-05-17|IP2026
350|75|1|2|2|2026|792.00|2026-11-17|IP2026
351|76|1|1|4|2026|306.00|2026-05-07|PP2026
352|76|1|2|4|2026|306.00|2026-08-07|PP2026
353|76|1|3|4|2026|306.00|2026-11-07|PP2026
354|76|1|4|4|2026|306.00|2027-02-07|PP2026
355|77|1|1|1|2026|2424.00|2026-05-24|VP2026
356|78|1|1|2|2026|840.00|2026-04-21|IP2026
357|78|1|2|2|2026|840.00|2026-10-21|IP2026
358|79|1|1|2|2026|978.00|2026-04-20|PP2026
359|79|1|2|2|2026|978.00|2026-10-20|PP2026
360|80|1|1|2|2026|1026.00|2026-03-12|PP2026
361|80|1|2|2|2026|1026.00|2026-09-12|PP2026
362|81|1|1|2|2026|1074.00|2026-06-20|VP2026
363|81|1|2|2|2026|1074.00|2026-12-20|VP2026
364|82|1|1|1|2026|2088.00|2026-01-28|VP2026
365|83|1|1|4|2026|552.00|2026-06-30|VP2026
366|83|1|2|4|2026|552.00|2026-09-30|VP2026
367|83|1|3|4|2026|552.00|2026-12-30|VP2026
368|83|1|4|4|2026|552.00|2027-03-30|VP2026
369|84|1|1|1|2026|2232.00|2026-02-23|IP2026
370|85|1|1|1|2026|1620.00|2026-03-05|PP2026
371|86|1|1|12|2026|167.00|2026-03-10|PP2026
372|86|1|2|12|2026|167.00|2026-04-10|PP2026
373|86|1|3|12|2026|167.00|2026-05-10|PP2026
374|86|1|4|12|2026|167.00|2026-06-10|PP2026
375|86|1|5|12|2026|167.00|2026-07-10|PP2026
376|86|1|6|12|2026|167.00|2026-08-10|PP2026
377|86|1|7|12|2026|167.00|2026-09-10|PP2026
378|86|1|8|12|2026|167.00|2026-10-10|PP2026
379|86|1|9|12|2026|167.00|2026-11-10|PP2026
380|86|1|10|12|2026|167.00|2026-12-10|PP2026
381|86|1|11|12|2026|167.00|2027-01-10|PP2026
382|86|1|12|12|2026|167.00|2027-02-10|PP2026
383|87|1|1|2|2026|972.00|2026-03-06|PP2026
384|87|1|2|2|2026|972.00|2026-09-06|PP2026
385|88|1|1|2|2026|1056.00|2026-01-29|VP2026
386|88|1|2|2|2026|1056.00|2026-07-29|VP2026
387|89|1|1|2|2026|948.00|2026-05-07|VP2026
388|89|1|2|2|2026|948.00|2026-11-07|VP2026
389|90|1|1|12|2026|123.00|2026-05-04|PP2026
390|90|1|2|12|2026|123.00|2026-06-04|PP2026
391|90|1|3|12|2026|123.00|2026-07-04|PP2026
392|90|1|4|12|2026|123.00|2026-08-04|PP2026
393|90|1|5|12|2026|123.00|2026-09-04|PP2026
394|90|1|6|12|2026|123.00|2026-10-04|PP2026
395|90|1|7|12|2026|123.00|2026-11-04|PP2026
396|90|1|8|12|2026|123.00|2026-12-04|PP2026
397|90|1|9|12|2026|123.00|2027-01-04|PP2026
398|90|1|10|12|2026|123.00|2027-02-04|PP2026
399|90|1|11|12|2026|123.00|2027-03-04|PP2026
400|90|1|12|12|2026|123.00|2027-04-04|PP2026
401|91|1|1|2|2026|1128.00|2026-01-01|VP2026
402|91|1|2|2|2026|1128.00|2026-07-01|VP2026
403|92|1|1|4|2026|501.00|2026-03-22|IP2026
404|92|1|2|4|2026|501.00|2026-06-22|IP2026
405|92|1|3|4|2026|501.00|2026-09-22|IP2026
406|92|1|4|4|2026|501.00|2026-12-22|IP2026
407|93|1|1|12|2026|155.00|2026-02-12|PP2026
408|93|1|2|12|2026|155.00|2026-03-12|PP2026
409|93|1|3|12|2026|155.00|2026-04-12|PP2026
410|93|1|4|12|2026|155.00|2026-05-12|PP2026
411|93|1|5|12|2026|155.00|2026-06-12|PP2026
412|93|1|6|12|2026|155.00|2026-07-12|PP2026
413|93|1|7|12|2026|155.00|2026-08-12|PP2026
414|93|1|8|12|2026|155.00|2026-09-12|PP2026
415|93|1|9|12|2026|155.00|2026-10-12|PP2026
416|93|1|10|12|2026|155.00|2026-11-12|PP2026
417|93|1|11|12|2026|155.00|2026-12-12|PP2026
418|93|1|12|12|2026|155.00|2027-01-12|PP2026
419|94|1|1|1|2026|2232.00|2026-01-31|PP2026
420|95|1|1|4|2026|510.00|2026-04-02|VP2026
421|95|1|2|4|2026|510.00|2026-07-02|VP2026
422|95|1|3|4|2026|510.00|2026-10-02|VP2026
423|95|1|4|4|2026|510.00|2027-01-02|VP2026
424|96|1|1|1|2026|2136.00|2026-03-08|VP2026
425|97|1|1|2|2026|1044.00|2026-04-05|VP2026
426|97|1|2|2|2026|1044.00|2026-10-05|VP2026
427|98|1|1|4|2026|498.00|2026-04-29|VP2026
428|98|1|2|4|2026|498.00|2026-07-29|VP2026
429|98|1|3|4|2026|498.00|2026-10-29|VP2026
430|98|1|4|4|2026|498.00|2027-01-29|VP2026
431|99|1|1|12|2026|160.00|2026-06-30|VP2026
432|99|1|2|12|2026|160.00|2026-07-30|VP2026
433|99|1|3|12|2026|160.00|2026-08-30|VP2026
434|99|1|4|12|2026|160.00|2026-09-30|VP2026
435|99|1|5|12|2026|160.00|2026-10-30|VP2026
436|99|1|6|12|2026|160.00|2026-11-30|VP2026
437|99|1|7|12|2026|160.00|2026-12-30|VP2026
438|99|1|8|12|2026|160.00|2027-01-30|VP2026
439|99|1|9|12|2026|160.00|2027-02-28|VP2026
440|99|1|10|12|2026|160.00|2027-03-30|VP2026
441|99|1|11|12|2026|160.00|2027-04-30|VP2026
442|99|1|12|12|2026|160.00|2027-05-30|VP2026
443|100|1|1|4|2026|450.00|2026-02-08|IP2026
444|100|1|2|4|2026|450.00|2026-05-08|IP2026
445|100|1|3|4|2026|450.00|2026-08-08|IP2026
446|100|1|4|4|2026|450.00|2026-11-08|IP2026
447|101|1|1|2|2026|1056.00|2026-01-19|VP2026
448|101|1|2|2|2026|1056.00|2026-07-19|VP2026
449|102|1|1|2|2026|1020.00|2026-01-24|VP2026
450|102|1|2|2|2026|1020.00|2026-07-24|VP2026
451|103|1|1|2|2026|1104.00|2026-03-30|IP2026
452|103|1|2|2|2026|1104.00|2026-09-30|IP2026
453|104|1|1|1|2026|1896.00|2026-02-05|PP2026
454|105|1|1|12|2026|197.00|2026-06-22|IP2026
455|105|1|2|12|2026|197.00|2026-07-22|IP2026
456|105|1|3|12|2026|197.00|2026-08-22|IP2026
457|105|1|4|12|2026|197.00|2026-09-22|IP2026
458|105|1|5|12|2026|197.00|2026-10-22|IP2026
459|105|1|6|12|2026|197.00|2026-11-22|IP2026
460|105|1|7|12|2026|197.00|2026-12-22|IP2026
461|105|1|8|12|2026|197.00|2027-01-22|IP2026
462|105|1|9|12|2026|197.00|2027-02-22|IP2026
463|105|1|10|12|2026|197.00|2027-03-22|IP2026
464|105|1|11|12|2026|197.00|2027-04-22|IP2026
465|105|1|12|12|2026|197.00|2027-05-22|IP2026
466|106|1|1|2|2026|1182.00|2026-04-24|VP2026
467|106|1|2|2|2026|1182.00|2026-10-24|VP2026
468|107|1|1|12|2026|198.00|2026-06-18|VP2026
469|107|1|2|12|2026|198.00|2026-07-18|VP2026
470|107|1|3|12|2026|198.00|2026-08-18|VP2026
471|107|1|4|12|2026|198.00|2026-09-18|VP2026
472|107|1|5|12|2026|198.00|2026-10-18|VP2026
473|107|1|6|12|2026|198.00|2026-11-18|VP2026
474|107|1|7|12|2026|198.00|2026-12-18|VP2026
475|107|1|8|12|2026|198.00|2027-01-18|VP2026
476|107|1|9|12|2026|198.00|2027-02-18|VP2026
477|107|1|10|12|2026|198.00|2027-03-18|VP2026
478|107|1|11|12|2026|198.00|2027-04-18|VP2026
479|107|1|12|12|2026|198.00|2027-05-18|VP2026
480|108|1|1|4|2026|510.00|2026-02-17|VP2026
481|108|1|2|4|2026|510.00|2026-05-17|VP2026
482|108|1|3|4|2026|510.00|2026-08-17|VP2026
483|108|1|4|4|2026|510.00|2026-11-17|VP2026
484|109|1|1|4|2026|348.00|2026-02-22|PP2026
485|109|1|2|4|2026|348.00|2026-05-22|PP2026
486|109|1|3|4|2026|348.00|2026-08-22|PP2026
487|109|1|4|4|2026|348.00|2026-11-22|PP2026
488|110|1|1|4|2026|489.00|2026-06-11|PP2026
489|110|1|2|4|2026|489.00|2026-09-11|PP2026
490|110|1|3|4|2026|489.00|2026-12-11|PP2026
491|110|1|4|4|2026|489.00|2027-03-11|PP2026
492|111|1|1|2|2026|1098.00|2026-06-30|PP2026
493|111|1|2|2|2026|1098.00|2026-12-30|PP2026
494|112|1|1|1|2026|2616.00|2026-03-11|IP2026
495|113|1|1|4|2026|393.00|2026-02-08|PP2026
496|113|1|2|4|2026|393.00|2026-05-08|PP2026
497|113|1|3|4|2026|393.00|2026-08-08|PP2026
498|113|1|4|4|2026|393.00|2026-11-08|PP2026
499|114|1|1|2|2026|822.00|2026-03-16|PP2026
500|114|1|2|2|2026|822.00|2026-09-16|PP2026
501|115|1|1|12|2026|182.00|2026-02-13|PP2026
502|115|1|2|12|2026|182.00|2026-03-13|PP2026
503|115|1|3|12|2026|182.00|2026-04-13|PP2026
504|115|1|4|12|2026|182.00|2026-05-13|PP2026
505|115|1|5|12|2026|182.00|2026-06-13|PP2026
506|115|1|6|12|2026|182.00|2026-07-13|PP2026
507|115|1|7|12|2026|182.00|2026-08-13|PP2026
508|115|1|8|12|2026|182.00|2026-09-13|PP2026
509|115|1|9|12|2026|182.00|2026-10-13|PP2026
510|115|1|10|12|2026|182.00|2026-11-13|PP2026
511|115|1|11|12|2026|182.00|2026-12-13|PP2026
512|115|1|12|12|2026|182.00|2027-01-13|PP2026
513|116|1|1|1|2026|1848.00|2026-03-11|IP2026
514|117|1|1|12|2026|178.00|2026-03-05|PP2026
515|117|1|2|12|2026|178.00|2026-04-05|PP2026
516|117|1|3|12|2026|178.00|2026-05-05|PP2026
517|117|1|4|12|2026|178.00|2026-06-05|PP2026
518|117|1|5|12|2026|178.00|2026-07-05|PP2026
519|117|1|6|12|2026|178.00|2026-08-05|PP2026
520|117|1|7|12|2026|178.00|2026-09-05|PP2026
521|117|1|8|12|2026|178.00|2026-10-05|PP2026
522|117|1|9|12|2026|178.00|2026-11-05|PP2026
523|117|1|10|12|2026|178.00|2026-12-05|PP2026
524|117|1|11|12|2026|178.00|2027-01-05|PP2026
525|117|1|12|12|2026|178.00|2027-02-05|PP2026
526|118|1|1|4|2026|363.00|2026-06-27|IP2026
527|118|1|2|4|2026|363.00|2026-09-27|IP2026
528|118|1|3|4|2026|363.00|2026-12-27|IP2026
529|118|1|4|4|2026|363.00|2027-03-27|IP2026
530|119|1|1|4|2026|414.00|2026-05-26|PP2026
531|119|1|2|4|2026|414.00|2026-08-26|PP2026
532|119|1|3|4|2026|414.00|2026-11-26|PP2026
533|119|1|4|4|2026|414.00|2027-02-26|PP2026
534|120|1|1|1|2026|2148.00|2026-02-04|IP2026
535|121|1|1|12|2026|206.00|2026-05-14|VP2026
536|121|1|2|12|2026|206.00|2026-06-14|VP2026
537|121|1|3|12|2026|206.00|2026-07-14|VP2026
538|121|1|4|12|2026|206.00|2026-08-14|VP2026
539|121|1|5|12|2026|206.00|2026-09-14|VP2026
540|121|1|6|12|2026|206.00|2026-10-14|VP2026
541|121|1|7|12|2026|206.00|2026-11-14|VP2026
542|121|1|8|12|2026|206.00|2026-12-14|VP2026
543|121|1|9|12|2026|206.00|2027-01-14|VP2026
544|121|1|10|12|2026|206.00|2027-02-14|VP2026
545|121|1|11|12|2026|206.00|2027-03-14|VP2026
546|121|1|12|12|2026|206.00|2027-04-14|VP2026
547|122|1|1|12|2026|166.00|2026-03-18|VP2026
548|122|1|2|12|2026|166.00|2026-04-18|VP2026
549|122|1|3|12|2026|166.00|2026-05-18|VP2026
550|122|1|4|12|2026|166.00|2026-06-18|VP2026
551|122|1|5|12|2026|166.00|2026-07-18|VP2026
552|122|1|6|12|2026|166.00|2026-08-18|VP2026
553|122|1|7|12|2026|166.00|2026-09-18|VP2026
554|122|1|8|12|2026|166.00|2026-10-18|VP2026
555|122|1|9|12|2026|166.00|2026-11-18|VP2026
556|122|1|10|12|2026|166.00|2026-12-18|VP2026
557|122|1|11|12|2026|166.00|2027-01-18|VP2026
558|122|1|12|12|2026|166.00|2027-02-18|VP2026
559|123|1|1|4|2026|453.00|2026-06-10|IP2026
560|123|1|2|4|2026|453.00|2026-09-10|IP2026
561|123|1|3|4|2026|453.00|2026-12-10|IP2026
562|123|1|4|4|2026|453.00|2027-03-10|IP2026
563|124|1|1|2|2026|1368.00|2026-06-03|IP2026
564|124|1|2|2|2026|1368.00|2026-12-03|IP2026
565|125|1|1|12|2026|176.00|2026-01-26|VP2026
566|125|1|2|12|2026|176.00|2026-02-26|VP2026
567|125|1|3|12|2026|176.00|2026-03-26|VP2026
568|125|1|4|12|2026|176.00|2026-04-26|VP2026
569|125|1|5|12|2026|176.00|2026-05-26|VP2026
570|125|1|6|12|2026|176.00|2026-06-26|VP2026
571|125|1|7|12|2026|176.00|2026-07-26|VP2026
572|125|1|8|12|2026|176.00|2026-08-26|VP2026
573|125|1|9|12|2026|176.00|2026-09-26|VP2026
574|125|1|10|12|2026|176.00|2026-10-26|VP2026
575|125|1|11|12|2026|176.00|2026-11-26|VP2026
576|125|1|12|12|2026|176.00|2026-12-26|VP2026
577|126|1|1|2|2026|1164.00|2026-06-14|VP2026
578|126|1|2|2|2026|1164.00|2026-12-14|VP2026
579|127|1|1|1|2026|1980.00|2026-06-29|IP2026
580|128|1|1|1|2026|1296.00|2026-05-14|PP2026
581|129|1|1|12|2026|189.00|2026-01-26|VP2026
582|129|1|2|12|2026|189.00|2026-02-26|VP2026
583|129|1|3|12|2026|189.00|2026-03-26|VP2026
584|129|1|4|12|2026|189.00|2026-04-26|VP2026
585|129|1|5|12|2026|189.00|2026-05-26|VP2026
586|129|1|6|12|2026|189.00|2026-06-26|VP2026
587|129|1|7|12|2026|189.00|2026-07-26|VP2026
588|129|1|8|12|2026|189.00|2026-08-26|VP2026
589|129|1|9|12|2026|189.00|2026-09-26|VP2026
590|129|1|10|12|2026|189.00|2026-10-26|VP2026
591|129|1|11|12|2026|189.00|2026-11-26|VP2026
592|129|1|12|12|2026|189.00|2026-12-26|VP2026
593|130|1|1|1|2026|2172.00|2026-05-02|IP2026
594|131|1|1|12|2026|206.00|2026-04-09|VP2026
595|131|1|2|12|2026|206.00|2026-05-09|VP2026
596|131|1|3|12|2026|206.00|2026-06-09|VP2026
597|131|1|4|12|2026|206.00|2026-07-09|VP2026
598|131|1|5|12|2026|206.00|2026-08-09|VP2026
599|131|1|6|12|2026|206.00|2026-09-09|VP2026
600|131|1|7|12|2026|206.00|2026-10-09|VP2026
601|131|1|8|12|2026|206.00|2026-11-09|VP2026
602|131|1|9|12|2026|206.00|2026-12-09|VP2026
603|131|1|10|12|2026|206.00|2027-01-09|VP2026
604|131|1|11|12|2026|206.00|2027-02-09|VP2026
605|131|1|12|12|2026|206.00|2027-03-09|VP2026
606|132|1|1|1|2026|1812.00|2026-02-11|VP2026
607|133|1|1|1|2026|1980.00|2026-06-21|VP2026
608|134|1|1|1|2026|2460.00|2026-01-25|VP2026
609|135|1|1|2|2026|1026.00|2026-05-14|VP2026
610|135|1|2|2|2026|1026.00|2026-11-14|VP2026
611|136|1|1|12|2026|175.00|2026-06-07|IP2026
612|136|1|2|12|2026|175.00|2026-07-07|IP2026
613|136|1|3|12|2026|175.00|2026-08-07|IP2026
614|136|1|4|12|2026|175.00|2026-09-07|IP2026
615|136|1|5|12|2026|175.00|2026-10-07|IP2026
616|136|1|6|12|2026|175.00|2026-11-07|IP2026
617|136|1|7|12|2026|175.00|2026-12-07|IP2026
618|136|1|8|12|2026|175.00|2027-01-07|IP2026
619|136|1|9|12|2026|175.00|2027-02-07|IP2026
620|136|1|10|12|2026|175.00|2027-03-07|IP2026
621|136|1|11|12|2026|175.00|2027-04-07|IP2026
622|136|1|12|12|2026|175.00|2027-05-07|IP2026
623|137|1|1|4|2026|450.00|2026-02-13|PP2026
624|137|1|2|4|2026|450.00|2026-05-13|PP2026
625|137|1|3|4|2026|450.00|2026-08-13|PP2026
626|137|1|4|4|2026|450.00|2026-11-13|PP2026
627|138|1|1|12|2026|165.00|2026-05-24|VP2026
628|138|1|2|12|2026|165.00|2026-06-24|VP2026
629|138|1|3|12|2026|165.00|2026-07-24|VP2026
630|138|1|4|12|2026|165.00|2026-08-24|VP2026
631|138|1|5|12|2026|165.00|2026-09-24|VP2026
632|138|1|6|12|2026|165.00|2026-10-24|VP2026
633|138|1|7|12|2026|165.00|2026-11-24|VP2026
634|138|1|8|12|2026|165.00|2026-12-24|VP2026
635|138|1|9|12|2026|165.00|2027-01-24|VP2026
636|138|1|10|12|2026|165.00|2027-02-24|VP2026
637|138|1|11|12|2026|165.00|2027-03-24|VP2026
638|138|1|12|12|2026|165.00|2027-04-24|VP2026
639|139|1|1|2|2026|1092.00|2026-03-17|IP2026
640|139|1|2|2|2026|1092.00|2026-09-17|IP2026
641|140|1|1|2|2026|1194.00|2026-02-24|VP2026
642|140|1|2|2|2026|1194.00|2026-08-24|VP2026
643|141|1|1|1|2026|2040.00|2026-03-28|IP2026
644|142|1|1|4|2026|471.00|2026-03-19|VP2026
645|142|1|2|4|2026|471.00|2026-06-19|VP2026
646|142|1|3|4|2026|471.00|2026-09-19|VP2026
647|142|1|4|4|2026|471.00|2026-12-19|VP2026
648|143|1|1|1|2026|2376.00|2026-03-27|VP2026
649|144|1|1|2|2026|1074.00|2026-03-15|VP2026
650|144|1|2|2|2026|1074.00|2026-09-15|VP2026
651|145|1|1|12|2026|120.00|2026-04-10|PP2026
652|145|1|2|12|2026|120.00|2026-05-10|PP2026
653|145|1|3|12|2026|120.00|2026-06-10|PP2026
654|145|1|4|12|2026|120.00|2026-07-10|PP2026
655|145|1|5|12|2026|120.00|2026-08-10|PP2026
656|145|1|6|12|2026|120.00|2026-09-10|PP2026
657|145|1|7|12|2026|120.00|2026-10-10|PP2026
658|145|1|8|12|2026|120.00|2026-11-10|PP2026
659|145|1|9|12|2026|120.00|2026-12-10|PP2026
660|145|1|10|12|2026|120.00|2027-01-10|PP2026
661|145|1|11|12|2026|120.00|2027-02-10|PP2026
662|145|1|12|12|2026|120.00|2027-03-10|PP2026
663|146|1|1|12|2026|196.00|2026-05-07|VP2026
664|146|1|2|12|2026|196.00|2026-06-07|VP2026
665|146|1|3|12|2026|196.00|2026-07-07|VP2026
666|146|1|4|12|2026|196.00|2026-08-07|VP2026
667|146|1|5|12|2026|196.00|2026-09-07|VP2026
668|146|1|6|12|2026|196.00|2026-10-07|VP2026
669|146|1|7|12|2026|196.00|2026-11-07|VP2026
670|146|1|8|12|2026|196.00|2026-12-07|VP2026
671|146|1|9|12|2026|196.00|2027-01-07|VP2026
672|146|1|10|12|2026|196.00|2027-02-07|VP2026
673|146|1|11|12|2026|196.00|2027-03-07|VP2026
674|146|1|12|12|2026|196.00|2027-04-07|VP2026
675|147|1|1|4|2026|477.00|2026-03-31|IP2026
676|147|1|2|4|2026|477.00|2026-06-30|IP2026
677|147|1|3|4|2026|477.00|2026-09-30|IP2026
678|147|1|4|4|2026|477.00|2026-12-31|IP2026
679|148|1|1|12|2026|188.00|2026-02-09|VP2026
680|148|1|2|12|2026|188.00|2026-03-09|VP2026
681|148|1|3|12|2026|188.00|2026-04-09|VP2026
682|148|1|4|12|2026|188.00|2026-05-09|VP2026
683|148|1|5|12|2026|188.00|2026-06-09|VP2026
684|148|1|6|12|2026|188.00|2026-07-09|VP2026
685|148|1|7|12|2026|188.00|2026-08-09|VP2026
686|148|1|8|12|2026|188.00|2026-09-09|VP2026
687|148|1|9|12|2026|188.00|2026-10-09|VP2026
688|148|1|10|12|2026|188.00|2026-11-09|VP2026
689|148|1|11|12|2026|188.00|2026-12-09|VP2026
690|148|1|12|12|2026|188.00|2027-01-09|VP2026
691|149|1|1|2|2026|918.00|2026-01-05|VP2026
692|149|1|2|2|2026|918.00|2026-07-05|VP2026
693|150|1|1|4|2026|618.00|2026-05-01|VP2026
694|150|1|2|4|2026|618.00|2026-08-01|VP2026
695|150|1|3|4|2026|618.00|2026-11-01|VP2026
696|150|1|4|4|2026|618.00|2027-02-01|VP2026
697|151|1|1|1|2026|1800.00|2026-06-19|IP2026
698|152|1|1|1|2026|1752.00|2026-06-19|PP2026
699|153|1|1|4|2026|396.00|2026-03-14|IP2026
700|153|1|2|4|2026|396.00|2026-06-14|IP2026
701|153|1|3|4|2026|396.00|2026-09-14|IP2026
702|153|1|4|4|2026|396.00|2026-12-14|IP2026
703|154|1|1|1|2026|2244.00|2026-06-03|VP2026
704|155|1|1|2|2026|1176.00|2026-02-10|VP2026
705|155|1|2|2|2026|1176.00|2026-08-10|VP2026
706|156|1|1|4|2026|510.00|2026-04-06|VP2026
707|156|1|2|4|2026|510.00|2026-07-06|VP2026
708|156|1|3|4|2026|510.00|2026-10-06|VP2026
709|156|1|4|4|2026|510.00|2027-01-06|VP2026
710|157|1|1|2|2026|1164.00|2026-03-02|VP2026
711|157|1|2|2|2026|1164.00|2026-09-02|VP2026
712|158|1|1|12|2026|167.00|2026-01-16|VP2026
713|158|1|2|12|2026|167.00|2026-02-16|VP2026
714|158|1|3|12|2026|167.00|2026-03-16|VP2026
715|158|1|4|12|2026|167.00|2026-04-16|VP2026
716|158|1|5|12|2026|167.00|2026-05-16|VP2026
717|158|1|6|12|2026|167.00|2026-06-16|VP2026
718|158|1|7|12|2026|167.00|2026-07-16|VP2026
719|158|1|8|12|2026|167.00|2026-08-16|VP2026
720|158|1|9|12|2026|167.00|2026-09-16|VP2026
721|158|1|10|12|2026|167.00|2026-10-16|VP2026
722|158|1|11|12|2026|167.00|2026-11-16|VP2026
723|158|1|12|12|2026|167.00|2026-12-16|VP2026
724|159|1|1|1|2026|1512.00|2026-06-29|PP2026
725|160|1|1|4|2026|588.00|2026-05-14|VP2026
726|160|1|2|4|2026|588.00|2026-08-14|VP2026
727|160|1|3|4|2026|588.00|2026-11-14|VP2026
728|160|1|4|4|2026|588.00|2027-02-14|VP2026
729|161|1|1|1|2026|2460.00|2026-04-08|VP2026
730|162|1|1|12|2026|108.00|2026-06-05|PP2026
731|162|1|2|12|2026|108.00|2026-07-05|PP2026
732|162|1|3|12|2026|108.00|2026-08-05|PP2026
733|162|1|4|12|2026|108.00|2026-09-05|PP2026
734|162|1|5|12|2026|108.00|2026-10-05|PP2026
735|162|1|6|12|2026|108.00|2026-11-05|PP2026
736|162|1|7|12|2026|108.00|2026-12-05|PP2026
737|162|1|8|12|2026|108.00|2027-01-05|PP2026
738|162|1|9|12|2026|108.00|2027-02-05|PP2026
739|162|1|10|12|2026|108.00|2027-03-05|PP2026
740|162|1|11|12|2026|108.00|2027-04-05|PP2026
741|162|1|12|12|2026|108.00|2027-05-05|PP2026
742|163|1|1|1|2026|2016.00|2026-01-16|IP2026
743|164|1|1|2|2026|1218.00|2026-01-20|IP2026
744|164|1|2|2|2026|1218.00|2026-07-20|IP2026
745|165|1|1|1|2026|1416.00|2026-06-15|PP2026
746|166|1|1|4|2026|699.00|2026-03-01|IP2026
747|166|1|2|4|2026|699.00|2026-06-01|IP2026
748|166|1|3|4|2026|699.00|2026-09-01|IP2026
749|166|1|4|4|2026|699.00|2026-12-01|IP2026
750|167|1|1|4|2026|390.00|2026-03-08|PP2026
751|167|1|2|4|2026|390.00|2026-06-08|PP2026
752|167|1|3|4|2026|390.00|2026-09-08|PP2026
753|167|1|4|4|2026|390.00|2026-12-08|PP2026
754|168|1|1|1|2026|2232.00|2026-02-19|VP2026
755|169|1|1|1|2026|2220.00|2026-04-20|PP2026
756|170|1|1|1|2026|2556.00|2026-01-22|IP2026
757|171|1|1|2|2026|1200.00|2026-02-19|VP2026
758|171|1|2|2|2026|1200.00|2026-08-19|VP2026
759|172|1|1|12|2026|114.00|2026-01-20|PP2026
760|172|1|2|12|2026|114.00|2026-02-20|PP2026
761|172|1|3|12|2026|114.00|2026-03-20|PP2026
762|172|1|4|12|2026|114.00|2026-04-20|PP2026
763|172|1|5|12|2026|114.00|2026-05-20|PP2026
764|172|1|6|12|2026|114.00|2026-06-20|PP2026
765|172|1|7|12|2026|114.00|2026-07-20|PP2026
766|172|1|8|12|2026|114.00|2026-08-20|PP2026
767|172|1|9|12|2026|114.00|2026-09-20|PP2026
768|172|1|10|12|2026|114.00|2026-10-20|PP2026
769|172|1|11|12|2026|114.00|2026-11-20|PP2026
770|172|1|12|12|2026|114.00|2026-12-20|PP2026
771|173|1|1|12|2026|173.00|2026-05-25|IP2026
772|173|1|2|12|2026|173.00|2026-06-25|IP2026
773|173|1|3|12|2026|173.00|2026-07-25|IP2026
774|173|1|4|12|2026|173.00|2026-08-25|IP2026
775|173|1|5|12|2026|173.00|2026-09-25|IP2026
776|173|1|6|12|2026|173.00|2026-10-25|IP2026
777|173|1|7|12|2026|173.00|2026-11-25|IP2026
778|173|1|8|12|2026|173.00|2026-12-25|IP2026
779|173|1|9|12|2026|173.00|2027-01-25|IP2026
780|173|1|10|12|2026|173.00|2027-02-25|IP2026
781|173|1|11|12|2026|173.00|2027-03-25|IP2026
782|173|1|12|12|2026|173.00|2027-04-25|IP2026
783|174|1|1|4|2026|468.00|2026-03-01|PP2026
784|174|1|2|4|2026|468.00|2026-06-01|PP2026
785|174|1|3|4|2026|468.00|2026-09-01|PP2026
786|174|1|4|4|2026|468.00|2026-12-01|PP2026
787|175|1|1|1|2026|2292.00|2026-06-14|VP2026
788|176|1|1|4|2026|414.00|2026-04-12|IP2026
789|176|1|2|4|2026|414.00|2026-07-12|IP2026
790|176|1|3|4|2026|414.00|2026-10-12|IP2026
791|176|1|4|4|2026|414.00|2027-01-12|IP2026
792|177|1|1|4|2026|372.00|2026-05-06|PP2026
793|177|1|2|4|2026|372.00|2026-08-06|PP2026
794|177|1|3|4|2026|372.00|2026-11-06|PP2026
795|177|1|4|4|2026|372.00|2027-02-06|PP2026
796|178|1|1|4|2026|594.00|2026-04-17|IP2026
797|178|1|2|4|2026|594.00|2026-07-17|IP2026
798|178|1|3|4|2026|594.00|2026-10-17|IP2026
799|178|1|4|4|2026|594.00|2027-01-17|IP2026
800|179|1|1|12|2026|115.00|2026-04-11|PP2026
801|179|1|2|12|2026|115.00|2026-05-11|PP2026
802|179|1|3|12|2026|115.00|2026-06-11|PP2026
803|179|1|4|12|2026|115.00|2026-07-11|PP2026
804|179|1|5|12|2026|115.00|2026-08-11|PP2026
805|179|1|6|12|2026|115.00|2026-09-11|PP2026
806|179|1|7|12|2026|115.00|2026-10-11|PP2026
807|179|1|8|12|2026|115.00|2026-11-11|PP2026
808|179|1|9|12|2026|115.00|2026-12-11|PP2026
809|179|1|10|12|2026|115.00|2027-01-11|PP2026
810|179|1|11|12|2026|115.00|2027-02-11|PP2026
811|179|1|12|12|2026|115.00|2027-03-11|PP2026
812|180|1|1|4|2026|390.00|2026-06-08|PP2026
813|180|1|2|4|2026|390.00|2026-09-08|PP2026
814|180|1|3|4|2026|390.00|2026-12-08|PP2026
815|180|1|4|4|2026|390.00|2027-03-08|PP2026
816|181|1|1|2|2026|1038.00|2026-06-18|VP2026
817|181|1|2|2|2026|1038.00|2026-12-18|VP2026
818|182|1|1|12|2026|191.00|2026-03-30|IP2026
819|182|1|2|12|2026|191.00|2026-04-30|IP2026
820|182|1|3|12|2026|191.00|2026-05-30|IP2026
821|182|1|4|12|2026|191.00|2026-06-30|IP2026
822|182|1|5|12|2026|191.00|2026-07-30|IP2026
823|182|1|6|12|2026|191.00|2026-08-30|IP2026
824|182|1|7|12|2026|191.00|2026-09-30|IP2026
825|182|1|8|12|2026|191.00|2026-10-30|IP2026
826|182|1|9|12|2026|191.00|2026-11-30|IP2026
827|182|1|10|12|2026|191.00|2026-12-30|IP2026
828|182|1|11|12|2026|191.00|2027-01-30|IP2026
829|182|1|12|12|2026|191.00|2027-02-28|IP2026
830|183|1|1|1|2026|1440.00|2026-03-31|PP2026
831|184|1|1|4|2026|693.00|2026-04-04|IP2026
832|184|1|2|4|2026|693.00|2026-07-04|IP2026
833|184|1|3|4|2026|693.00|2026-10-04|IP2026
834|184|1|4|4|2026|693.00|2027-01-04|IP2026
835|185|1|1|1|2026|2352.00|2026-02-21|VP2026
836|186|1|1|12|2026|117.00|2026-01-19|PP2026
837|186|1|2|12|2026|117.00|2026-02-19|PP2026
838|186|1|3|12|2026|117.00|2026-03-19|PP2026
839|186|1|4|12|2026|117.00|2026-04-19|PP2026
840|186|1|5|12|2026|117.00|2026-05-19|PP2026
841|186|1|6|12|2026|117.00|2026-06-19|PP2026
842|186|1|7|12|2026|117.00|2026-07-19|PP2026
843|186|1|8|12|2026|117.00|2026-08-19|PP2026
844|186|1|9|12|2026|117.00|2026-09-19|PP2026
845|186|1|10|12|2026|117.00|2026-10-19|PP2026
846|186|1|11|12|2026|117.00|2026-11-19|PP2026
847|186|1|12|12|2026|117.00|2026-12-19|PP2026
848|187|1|1|1|2026|1488.00|2026-03-11|PP2026
849|188|1|1|12|2026|158.00|2026-02-07|PP2026
850|188|1|2|12|2026|158.00|2026-03-07|PP2026
851|188|1|3|12|2026|158.00|2026-04-07|PP2026
852|188|1|4|12|2026|158.00|2026-05-07|PP2026
853|188|1|5|12|2026|158.00|2026-06-07|PP2026
854|188|1|6|12|2026|158.00|2026-07-07|PP2026
855|188|1|7|12|2026|158.00|2026-08-07|PP2026
856|188|1|8|12|2026|158.00|2026-09-07|PP2026
857|188|1|9|12|2026|158.00|2026-10-07|PP2026
858|188|1|10|12|2026|158.00|2026-11-07|PP2026
859|188|1|11|12|2026|158.00|2026-12-07|PP2026
860|188|1|12|12|2026|158.00|2027-01-07|PP2026
861|189|1|1|2|2026|1140.00|2026-03-07|VP2026
862|189|1|2|2|2026|1140.00|2026-09-07|VP2026
863|190|1|1|1|2026|1680.00|2026-01-24|IP2026
864|191|1|1|2|2026|1002.00|2026-05-25|PP2026
865|191|1|2|2|2026|1002.00|2026-11-25|PP2026
866|192|1|1|1|2026|2220.00|2026-05-07|PP2026
867|193|1|1|12|2026|187.00|2026-03-01|VP2026
868|193|1|2|12|2026|187.00|2026-04-01|VP2026
869|193|1|3|12|2026|187.00|2026-05-01|VP2026
870|193|1|4|12|2026|187.00|2026-06-01|VP2026
871|193|1|5|12|2026|187.00|2026-07-01|VP2026
872|193|1|6|12|2026|187.00|2026-08-01|VP2026
873|193|1|7|12|2026|187.00|2026-09-01|VP2026
874|193|1|8|12|2026|187.00|2026-10-01|VP2026
875|193|1|9|12|2026|187.00|2026-11-01|VP2026
876|193|1|10|12|2026|187.00|2026-12-01|VP2026
877|193|1|11|12|2026|187.00|2027-01-01|VP2026
878|193|1|12|12|2026|187.00|2027-02-01|VP2026
879|194|1|1|12|2026|202.00|2026-03-15|VP2026
880|194|1|2|12|2026|202.00|2026-04-15|VP2026
881|194|1|3|12|2026|202.00|2026-05-15|VP2026
882|194|1|4|12|2026|202.00|2026-06-15|VP2026
883|194|1|5|12|2026|202.00|2026-07-15|VP2026
884|194|1|6|12|2026|202.00|2026-08-15|VP2026
885|194|1|7|12|2026|202.00|2026-09-15|VP2026
886|194|1|8|12|2026|202.00|2026-10-15|VP2026
887|194|1|9|12|2026|202.00|2026-11-15|VP2026
888|194|1|10|12|2026|202.00|2026-12-15|VP2026
889|194|1|11|12|2026|202.00|2027-01-15|VP2026
890|194|1|12|12|2026|202.00|2027-02-15|VP2026
891|195|1|1|12|2026|191.00|2026-04-24|IP2026
892|195|1|2|12|2026|191.00|2026-05-24|IP2026
893|195|1|3|12|2026|191.00|2026-06-24|IP2026
894|195|1|4|12|2026|191.00|2026-07-24|IP2026
895|195|1|5|12|2026|191.00|2026-08-24|IP2026
896|195|1|6|12|2026|191.00|2026-09-24|IP2026
897|195|1|7|12|2026|191.00|2026-10-24|IP2026
898|195|1|8|12|2026|191.00|2026-11-24|IP2026
899|195|1|9|12|2026|191.00|2026-12-24|IP2026
900|195|1|10|12|2026|191.00|2027-01-24|IP2026
901|195|1|11|12|2026|191.00|2027-02-24|IP2026
902|195|1|12|12|2026|191.00|2027-03-24|IP2026
903|196|1|1|4|2026|579.00|2026-04-06|VP2026
904|196|1|2|4|2026|579.00|2026-07-06|VP2026
905|196|1|3|4|2026|579.00|2026-10-06|VP2026
906|196|1|4|4|2026|579.00|2027-01-06|VP2026
907|197|1|1|2|2026|948.00|2026-03-29|IP2026
908|197|1|2|2|2026|948.00|2026-09-29|IP2026
909|198|1|1|1|2026|2232.00|2026-01-21|PP2026
910|199|1|1|2|2026|1224.00|2026-06-10|VP2026
911|199|1|2|2|2026|1224.00|2026-12-10|VP2026
912|200|1|1|1|2026|2136.00|2026-06-21|VP2026
913|201|1|1|12|2026|144.00|2026-06-11|PP2026
914|201|1|2|12|2026|144.00|2026-07-11|PP2026
915|201|1|3|12|2026|144.00|2026-08-11|PP2026
916|201|1|4|12|2026|144.00|2026-09-11|PP2026
917|201|1|5|12|2026|144.00|2026-10-11|PP2026
918|201|1|6|12|2026|144.00|2026-11-11|PP2026
919|201|1|7|12|2026|144.00|2026-12-11|PP2026
920|201|1|8|12|2026|144.00|2027-01-11|PP2026
921|201|1|9|12|2026|144.00|2027-02-11|PP2026
922|201|1|10|12|2026|144.00|2027-03-11|PP2026
923|201|1|11|12|2026|144.00|2027-04-11|PP2026
924|201|1|12|12|2026|144.00|2027-05-11|PP2026
925|202|1|1|2|2026|774.00|2026-01-26|IP2026
926|202|1|2|2|2026|774.00|2026-07-26|IP2026
927|203|1|1|2|2026|1188.00|2026-01-25|IP2026
928|203|1|2|2|2026|1188.00|2026-07-25|IP2026
929|204|1|1|4|2026|477.00|2026-03-10|VP2026
930|204|1|2|4|2026|477.00|2026-06-10|VP2026
931|204|1|3|4|2026|477.00|2026-09-10|VP2026
932|204|1|4|4|2026|477.00|2026-12-10|VP2026
933|205|1|1|1|2026|1692.00|2026-01-10|PP2026
934|206|1|1|4|2026|474.00|2026-02-11|VP2026
935|206|1|2|4|2026|474.00|2026-05-11|VP2026
936|206|1|3|4|2026|474.00|2026-08-11|VP2026
937|206|1|4|4|2026|474.00|2026-11-11|VP2026
938|207|1|1|12|2026|140.00|2026-02-26|PP2026
939|207|1|2|12|2026|140.00|2026-03-26|PP2026
940|207|1|3|12|2026|140.00|2026-04-26|PP2026
941|207|1|4|12|2026|140.00|2026-05-26|PP2026
942|207|1|5|12|2026|140.00|2026-06-26|PP2026
943|207|1|6|12|2026|140.00|2026-07-26|PP2026
944|207|1|7|12|2026|140.00|2026-08-26|PP2026
945|207|1|8|12|2026|140.00|2026-09-26|PP2026
946|207|1|9|12|2026|140.00|2026-10-26|PP2026
947|207|1|10|12|2026|140.00|2026-11-26|PP2026
948|207|1|11|12|2026|140.00|2026-12-26|PP2026
949|207|1|12|12|2026|140.00|2027-01-26|PP2026
950|208|1|1|1|2026|2268.00|2026-04-21|VP2026
951|209|1|1|2|2026|984.00|2026-03-19|PP2026
952|209|1|2|2|2026|984.00|2026-09-19|PP2026
953|210|1|1|2|2026|1008.00|2026-05-29|IP2026
954|210|1|2|2|2026|1008.00|2026-11-29|IP2026
955|211|1|1|1|2026|2208.00|2026-04-19|PP2026
956|212|1|1|2|2026|1206.00|2026-05-27|VP2026
957|212|1|2|2|2026|1206.00|2026-11-27|VP2026
958|213|1|1|12|2026|203.00|2026-03-27|VP2026
959|213|1|2|12|2026|203.00|2026-04-27|VP2026
960|213|1|3|12|2026|203.00|2026-05-27|VP2026
961|213|1|4|12|2026|203.00|2026-06-27|VP2026
962|213|1|5|12|2026|203.00|2026-07-27|VP2026
963|213|1|6|12|2026|203.00|2026-08-27|VP2026
964|213|1|7|12|2026|203.00|2026-09-27|VP2026
965|213|1|8|12|2026|203.00|2026-10-27|VP2026
966|213|1|9|12|2026|203.00|2026-11-27|VP2026
967|213|1|10|12|2026|203.00|2026-12-27|VP2026
968|213|1|11|12|2026|203.00|2027-01-27|VP2026
969|213|1|12|12|2026|203.00|2027-02-27|VP2026
970|214|1|1|2|2026|1026.00|2026-05-09|VP2026
971|214|1|2|2|2026|1026.00|2026-11-09|VP2026
972|215|1|1|1|2026|2136.00|2026-06-04|IP2026
973|216|1|1|2|2026|1092.00|2026-05-06|PP2026
974|216|1|2|2|2026|1092.00|2026-11-06|PP2026
975|217|1|1|1|2026|2268.00|2026-06-13|VP2026
976|218|1|1|4|2026|564.00|2026-02-13|IP2026
977|218|1|2|4|2026|564.00|2026-05-13|IP2026
978|218|1|3|4|2026|564.00|2026-08-13|IP2026
979|218|1|4|4|2026|564.00|2026-11-13|IP2026
980|219|1|1|4|2026|486.00|2026-01-18|VP2026
981|219|1|2|4|2026|486.00|2026-04-18|VP2026
982|219|1|3|4|2026|486.00|2026-07-18|VP2026
983|219|1|4|4|2026|486.00|2026-10-18|VP2026
984|220|1|1|2|2026|1068.00|2026-06-04|VP2026
985|220|1|2|2|2026|1068.00|2026-12-04|VP2026
986|221|1|1|4|2026|534.00|2026-01-13|PP2026
987|221|1|2|4|2026|534.00|2026-04-13|PP2026
988|221|1|3|4|2026|534.00|2026-07-13|PP2026
989|221|1|4|4|2026|534.00|2026-10-13|PP2026
990|222|1|1|1|2026|2364.00|2026-04-09|VP2026
991|223|1|1|12|2026|151.00|2026-02-18|VP2026
992|223|1|2|12|2026|151.00|2026-03-18|VP2026
993|223|1|3|12|2026|151.00|2026-04-18|VP2026
994|223|1|4|12|2026|151.00|2026-05-18|VP2026
995|223|1|5|12|2026|151.00|2026-06-18|VP2026
996|223|1|6|12|2026|151.00|2026-07-18|VP2026
997|223|1|7|12|2026|151.00|2026-08-18|VP2026
998|223|1|8|12|2026|151.00|2026-09-18|VP2026
999|223|1|9|12|2026|151.00|2026-10-18|VP2026
1000|223|1|10|12|2026|151.00|2026-11-18|VP2026
1001|223|1|11|12|2026|151.00|2026-12-18|VP2026
1002|223|1|12|12|2026|151.00|2027-01-18|VP2026
1003|224|1|1|4|2026|621.00|2026-04-26|VP2026
1004|224|1|2|4|2026|621.00|2026-07-26|VP2026
1005|224|1|3|4|2026|621.00|2026-10-26|VP2026
1006|224|1|4|4|2026|621.00|2027-01-26|VP2026
1007|225|1|1|4|2026|510.00|2026-05-03|PP2026
1008|225|1|2|4|2026|510.00|2026-08-03|PP2026
1009|225|1|3|4|2026|510.00|2026-11-03|PP2026
1010|225|1|4|4|2026|510.00|2027-02-03|PP2026
1011|226|1|1|2|2026|612.00|2026-01-28|PP2026
1012|226|1|2|2|2026|612.00|2026-07-28|PP2026
1013|227|1|1|1|2026|1920.00|2026-04-11|PP2026
1014|228|1|1|4|2026|549.00|2026-03-28|IP2026
1015|228|1|2|4|2026|549.00|2026-06-28|IP2026
1016|228|1|3|4|2026|549.00|2026-09-28|IP2026
1017|228|1|4|4|2026|549.00|2026-12-28|IP2026
1018|229|1|1|2|2026|1254.00|2026-05-28|VP2026
1019|229|1|2|2|2026|1254.00|2026-11-28|VP2026
1020|230|1|1|2|2026|1176.00|2026-06-21|IP2026
1021|230|1|2|2|2026|1176.00|2026-12-21|IP2026
1022|231|1|1|2|2026|1194.00|2026-02-26|VP2026
1023|231|1|2|2|2026|1194.00|2026-08-26|VP2026
1024|232|1|1|4|2026|555.00|2026-04-27|PP2026
1025|232|1|2|4|2026|555.00|2026-07-27|PP2026
1026|232|1|3|4|2026|555.00|2026-10-27|PP2026
1027|232|1|4|4|2026|555.00|2027-01-27|PP2026
1028|233|1|1|1|2026|1956.00|2026-06-28|VP2026
1029|234|1|1|4|2026|390.00|2026-01-04|PP2026
1030|234|1|2|4|2026|390.00|2026-04-04|PP2026
1031|234|1|3|4|2026|390.00|2026-07-04|PP2026
1032|234|1|4|4|2026|390.00|2026-10-04|PP2026
1033|235|1|1|12|2026|185.00|2026-04-13|PP2026
1034|235|1|2|12|2026|185.00|2026-05-13|PP2026
1035|235|1|3|12|2026|185.00|2026-06-13|PP2026
1036|235|1|4|12|2026|185.00|2026-07-13|PP2026
1037|235|1|5|12|2026|185.00|2026-08-13|PP2026
1038|235|1|6|12|2026|185.00|2026-09-13|PP2026
1039|235|1|7|12|2026|185.00|2026-10-13|PP2026
1040|235|1|8|12|2026|185.00|2026-11-13|PP2026
1041|235|1|9|12|2026|185.00|2026-12-13|PP2026
1042|235|1|10|12|2026|185.00|2027-01-13|PP2026
1043|235|1|11|12|2026|185.00|2027-02-13|PP2026
1044|235|1|12|12|2026|185.00|2027-03-13|PP2026
1045|236|1|1|1|2026|2172.00|2026-03-08|VP2026
1046|237|1|1|4|2026|456.00|2026-01-28|VP2026
1047|237|1|2|4|2026|456.00|2026-04-28|VP2026
1048|237|1|3|4|2026|456.00|2026-07-28|VP2026
1049|237|1|4|4|2026|456.00|2026-10-28|VP2026
1050|238|1|1|2|2026|708.00|2026-03-31|PP2026
1051|238|1|2|2|2026|708.00|2026-09-30|PP2026
1052|239|1|1|2|2026|960.00|2026-05-12|PP2026
1053|239|1|2|2|2026|960.00|2026-11-12|PP2026
1054|240|1|1|2|2026|1086.00|2026-04-20|VP2026
1055|240|1|2|2|2026|1086.00|2026-10-20|VP2026
1056|241|1|1|4|2026|627.00|2026-02-27|VP2026
1057|241|1|2|4|2026|627.00|2026-05-27|VP2026
1058|241|1|3|4|2026|627.00|2026-08-27|VP2026
1059|241|1|4|4|2026|627.00|2026-11-27|VP2026
1060|242|1|1|4|2026|471.00|2026-01-31|VP2026
1061|242|1|2|4|2026|471.00|2026-04-30|VP2026
1062|242|1|3|4|2026|471.00|2026-07-31|VP2026
1063|242|1|4|4|2026|471.00|2026-10-31|VP2026
1064|243|1|1|12|2026|171.00|2026-02-26|VP2026
1065|243|1|2|12|2026|171.00|2026-03-26|VP2026
1066|243|1|3|12|2026|171.00|2026-04-26|VP2026
1067|243|1|4|12|2026|171.00|2026-05-26|VP2026
1068|243|1|5|12|2026|171.00|2026-06-26|VP2026
1069|243|1|6|12|2026|171.00|2026-07-26|VP2026
1070|243|1|7|12|2026|171.00|2026-08-26|VP2026
1071|243|1|8|12|2026|171.00|2026-09-26|VP2026
1072|243|1|9|12|2026|171.00|2026-10-26|VP2026
1073|243|1|10|12|2026|171.00|2026-11-26|VP2026
1074|243|1|11|12|2026|171.00|2026-12-26|VP2026
1075|243|1|12|12|2026|171.00|2027-01-26|VP2026
1076|244|1|1|4|2026|402.00|2026-04-22|IP2026
1077|244|1|2|4|2026|402.00|2026-07-22|IP2026
1078|244|1|3|4|2026|402.00|2026-10-22|IP2026
1079|244|1|4|4|2026|402.00|2027-01-22|IP2026
1080|245|1|1|2|2026|978.00|2026-05-22|PP2026
1081|245|1|2|2|2026|978.00|2026-11-22|PP2026
1082|246|1|1|4|2026|615.00|2026-02-19|VP2026
1083|246|1|2|4|2026|615.00|2026-05-19|VP2026
1084|246|1|3|4|2026|615.00|2026-08-19|VP2026
1085|246|1|4|4|2026|615.00|2026-11-19|VP2026
1086|247|1|1|1|2026|1548.00|2026-06-23|PP2026
1087|248|1|1|4|2026|399.00|2026-02-24|IP2026
1088|248|1|2|4|2026|399.00|2026-05-24|IP2026
1089|248|1|3|4|2026|399.00|2026-08-24|IP2026
1090|248|1|4|4|2026|399.00|2026-11-24|IP2026
1091|249|1|1|1|2026|1884.00|2026-01-02|PP2026
1092|250|1|1|2|2026|1140.00|2026-05-13|VP2026
1093|250|1|2|2|2026|1140.00|2026-11-13|VP2026
1094|251|1|1|12|2026|117.00|2026-02-26|PP2026
1095|251|1|2|12|2026|117.00|2026-03-26|PP2026
1096|251|1|3|12|2026|117.00|2026-04-26|PP2026
1097|251|1|4|12|2026|117.00|2026-05-26|PP2026
1098|251|1|5|12|2026|117.00|2026-06-26|PP2026
1099|251|1|6|12|2026|117.00|2026-07-26|PP2026
1100|251|1|7|12|2026|117.00|2026-08-26|PP2026
1101|251|1|8|12|2026|117.00|2026-09-26|PP2026
1102|251|1|9|12|2026|117.00|2026-10-26|PP2026
1103|251|1|10|12|2026|117.00|2026-11-26|PP2026
1104|251|1|11|12|2026|117.00|2026-12-26|PP2026
1105|251|1|12|12|2026|117.00|2027-01-26|PP2026
1106|252|1|1|2|2026|804.00|2026-04-30|IP2026
1107|252|1|2|2|2026|804.00|2026-10-30|IP2026
1108|253|1|1|4|2026|378.00|2026-04-23|PP2026
1109|253|1|2|4|2026|378.00|2026-07-23|PP2026
1110|253|1|3|4|2026|378.00|2026-10-23|PP2026
1111|253|1|4|4|2026|378.00|2027-01-23|PP2026
1112|254|1|1|12|2026|149.00|2026-01-07|PP2026
1113|254|1|2|12|2026|149.00|2026-02-07|PP2026
1114|254|1|3|12|2026|149.00|2026-03-07|PP2026
1115|254|1|4|12|2026|149.00|2026-04-07|PP2026
1116|254|1|5|12|2026|149.00|2026-05-07|PP2026
1117|254|1|6|12|2026|149.00|2026-06-07|PP2026
1118|254|1|7|12|2026|149.00|2026-07-07|PP2026
1119|254|1|8|12|2026|149.00|2026-08-07|PP2026
1120|254|1|9|12|2026|149.00|2026-09-07|PP2026
1121|254|1|10|12|2026|149.00|2026-10-07|PP2026
1122|254|1|11|12|2026|149.00|2026-11-07|PP2026
1123|254|1|12|12|2026|149.00|2026-12-07|PP2026
1124|255|1|1|1|2026|2364.00|2026-04-25|VP2026
1125|256|1|1|4|2026|579.00|2026-04-11|IP2026
1126|256|1|2|4|2026|579.00|2026-07-11|IP2026
1127|256|1|3|4|2026|579.00|2026-10-11|IP2026
1128|256|1|4|4|2026|579.00|2027-01-11|IP2026
1129|257|1|1|4|2026|435.00|2026-03-13|PP2026
1130|257|1|2|4|2026|435.00|2026-06-13|PP2026
1131|257|1|3|4|2026|435.00|2026-09-13|PP2026
1132|257|1|4|4|2026|435.00|2026-12-13|PP2026
1133|258|1|1|1|2026|2364.00|2026-01-15|VP2026
1134|259|1|1|1|2026|2448.00|2026-05-22|IP2026
1135|260|1|1|4|2026|537.00|2026-02-23|PP2026
1136|260|1|2|4|2026|537.00|2026-05-23|PP2026
1137|260|1|3|4|2026|537.00|2026-08-23|PP2026
1138|260|1|4|4|2026|537.00|2026-11-23|PP2026
1139|261|1|1|1|2026|2412.00|2026-01-14|VP2026
1140|262|1|1|12|2026|209.00|2026-06-21|VP2026
1141|262|1|2|12|2026|209.00|2026-07-21|VP2026
1142|262|1|3|12|2026|209.00|2026-08-21|VP2026
1143|262|1|4|12|2026|209.00|2026-09-21|VP2026
1144|262|1|5|12|2026|209.00|2026-10-21|VP2026
1145|262|1|6|12|2026|209.00|2026-11-21|VP2026
1146|262|1|7|12|2026|209.00|2026-12-21|VP2026
1147|262|1|8|12|2026|209.00|2027-01-21|VP2026
1148|262|1|9|12|2026|209.00|2027-02-21|VP2026
1149|262|1|10|12|2026|209.00|2027-03-21|VP2026
1150|262|1|11|12|2026|209.00|2027-04-21|VP2026
1151|262|1|12|12|2026|209.00|2027-05-21|VP2026
1152|263|1|1|4|2026|558.00|2026-06-22|PP2026
1153|263|1|2|4|2026|558.00|2026-09-22|PP2026
1154|263|1|3|4|2026|558.00|2026-12-22|PP2026
1155|263|1|4|4|2026|558.00|2027-03-22|PP2026
1156|264|1|1|12|2026|168.00|2026-05-14|PP2026
1157|264|1|2|12|2026|168.00|2026-06-14|PP2026
1158|264|1|3|12|2026|168.00|2026-07-14|PP2026
1159|264|1|4|12|2026|168.00|2026-08-14|PP2026
1160|264|1|5|12|2026|168.00|2026-09-14|PP2026
1161|264|1|6|12|2026|168.00|2026-10-14|PP2026
1162|264|1|7|12|2026|168.00|2026-11-14|PP2026
1163|264|1|8|12|2026|168.00|2026-12-14|PP2026
1164|264|1|9|12|2026|168.00|2027-01-14|PP2026
1165|264|1|10|12|2026|168.00|2027-02-14|PP2026
1166|264|1|11|12|2026|168.00|2027-03-14|PP2026
1167|264|1|12|12|2026|168.00|2027-04-14|PP2026
1168|265|1|1|1|2026|2232.00|2026-05-19|PP2026
1169|266|1|1|2|2026|924.00|2026-02-16|VP2026
1170|266|1|2|2|2026|924.00|2026-08-16|VP2026
1171|267|1|1|1|2026|2124.00|2026-06-03|VP2026
1172|268|1|1|4|2026|537.00|2026-06-29|IP2026
1173|268|1|2|4|2026|537.00|2026-09-29|IP2026
1174|268|1|3|4|2026|537.00|2026-12-29|IP2026
1175|268|1|4|4|2026|537.00|2027-03-29|IP2026
1176|269|1|1|12|2026|167.00|2026-01-03|VP2026
1177|269|1|2|12|2026|167.00|2026-02-03|VP2026
1178|269|1|3|12|2026|167.00|2026-03-03|VP2026
1179|269|1|4|12|2026|167.00|2026-04-03|VP2026
1180|269|1|5|12|2026|167.00|2026-05-03|VP2026
1181|269|1|6|12|2026|167.00|2026-06-03|VP2026
1182|269|1|7|12|2026|167.00|2026-07-03|VP2026
1183|269|1|8|12|2026|167.00|2026-08-03|VP2026
1184|269|1|9|12|2026|167.00|2026-09-03|VP2026
1185|269|1|10|12|2026|167.00|2026-10-03|VP2026
1186|269|1|11|12|2026|167.00|2026-11-03|VP2026
1187|269|1|12|12|2026|167.00|2026-12-03|VP2026
1188|270|1|1|12|2026|176.00|2026-06-21|VP2026
1189|270|1|2|12|2026|176.00|2026-07-21|VP2026
1190|270|1|3|12|2026|176.00|2026-08-21|VP2026
1191|270|1|4|12|2026|176.00|2026-09-21|VP2026
1192|270|1|5|12|2026|176.00|2026-10-21|VP2026
1193|270|1|6|12|2026|176.00|2026-11-21|VP2026
1194|270|1|7|12|2026|176.00|2026-12-21|VP2026
1195|270|1|8|12|2026|176.00|2027-01-21|VP2026
1196|270|1|9|12|2026|176.00|2027-02-21|VP2026
1197|270|1|10|12|2026|176.00|2027-03-21|VP2026
1198|270|1|11|12|2026|176.00|2027-04-21|VP2026
1199|270|1|12|12|2026|176.00|2027-05-21|VP2026
1200|271|1|1|4|2026|465.00|2026-04-21|PP2026
1201|271|1|2|4|2026|465.00|2026-07-21|PP2026
1202|271|1|3|4|2026|465.00|2026-10-21|PP2026
1203|271|1|4|4|2026|465.00|2027-01-21|PP2026
1204|272|1|1|4|2026|348.00|2026-02-25|PP2026
1205|272|1|2|4|2026|348.00|2026-05-25|PP2026
1206|272|1|3|4|2026|348.00|2026-08-25|PP2026
1207|272|1|4|4|2026|348.00|2026-11-25|PP2026
1208|273|1|1|12|2026|184.00|2026-03-31|VP2026
1209|273|1|2|12|2026|184.00|2026-04-30|VP2026
1210|273|1|3|12|2026|184.00|2026-05-31|VP2026
1211|273|1|4|12|2026|184.00|2026-06-30|VP2026
1212|273|1|5|12|2026|184.00|2026-07-31|VP2026
1213|273|1|6|12|2026|184.00|2026-08-31|VP2026
1214|273|1|7|12|2026|184.00|2026-09-30|VP2026
1215|273|1|8|12|2026|184.00|2026-10-31|VP2026
1216|273|1|9|12|2026|184.00|2026-11-30|VP2026
1217|273|1|10|12|2026|184.00|2026-12-31|VP2026
1218|273|1|11|12|2026|184.00|2027-01-31|VP2026
1219|273|1|12|12|2026|184.00|2027-02-28|VP2026
1220|274|1|1|12|2026|135.00|2026-05-06|IP2026
1221|274|1|2|12|2026|135.00|2026-06-06|IP2026
1222|274|1|3|12|2026|135.00|2026-07-06|IP2026
1223|274|1|4|12|2026|135.00|2026-08-06|IP2026
1224|274|1|5|12|2026|135.00|2026-09-06|IP2026
1225|274|1|6|12|2026|135.00|2026-10-06|IP2026
1226|274|1|7|12|2026|135.00|2026-11-06|IP2026
1227|274|1|8|12|2026|135.00|2026-12-06|IP2026
1228|274|1|9|12|2026|135.00|2027-01-06|IP2026
1229|274|1|10|12|2026|135.00|2027-02-06|IP2026
1230|274|1|11|12|2026|135.00|2027-03-06|IP2026
1231|274|1|12|12|2026|135.00|2027-04-06|IP2026
1232|275|1|1|4|2026|342.00|2026-02-15|PP2026
1233|275|1|2|4|2026|342.00|2026-05-15|PP2026
1234|275|1|3|4|2026|342.00|2026-08-15|PP2026
1235|275|1|4|4|2026|342.00|2026-11-15|PP2026
1236|276|1|1|2|2026|1122.00|2026-03-11|VP2026
1237|276|1|2|2|2026|1122.00|2026-09-11|VP2026
1238|277|1|1|2|2026|948.00|2026-04-21|VP2026
1239|277|1|2|2|2026|948.00|2026-10-21|VP2026
1240|278|1|1|12|2026|138.00|2026-06-30|PP2026
1241|278|1|2|12|2026|138.00|2026-07-30|PP2026
1242|278|1|3|12|2026|138.00|2026-08-30|PP2026
1243|278|1|4|12|2026|138.00|2026-09-30|PP2026
1244|278|1|5|12|2026|138.00|2026-10-30|PP2026
1245|278|1|6|12|2026|138.00|2026-11-30|PP2026
1246|278|1|7|12|2026|138.00|2026-12-30|PP2026
1247|278|1|8|12|2026|138.00|2027-01-30|PP2026
1248|278|1|9|12|2026|138.00|2027-02-28|PP2026
1249|278|1|10|12|2026|138.00|2027-03-30|PP2026
1250|278|1|11|12|2026|138.00|2027-04-30|PP2026
1251|278|1|12|12|2026|138.00|2027-05-30|PP2026
1252|279|1|1|4|2026|363.00|2026-04-21|IP2026
1253|279|1|2|4|2026|363.00|2026-07-21|IP2026
1254|279|1|3|4|2026|363.00|2026-10-21|IP2026
1255|279|1|4|4|2026|363.00|2027-01-21|IP2026
1256|280|1|1|4|2026|339.00|2026-05-31|PP2026
1257|280|1|2|4|2026|339.00|2026-08-31|PP2026
1258|280|1|3|4|2026|339.00|2026-11-30|PP2026
1259|280|1|4|4|2026|339.00|2027-02-28|PP2026
1260|281|1|1|2|2026|1002.00|2026-03-04|IP2026
1261|281|1|2|2|2026|1002.00|2026-09-04|IP2026
1262|282|1|1|12|2026|156.00|2026-01-09|PP2026
1263|282|1|2|12|2026|156.00|2026-02-09|PP2026
1264|282|1|3|12|2026|156.00|2026-03-09|PP2026
1265|282|1|4|12|2026|156.00|2026-04-09|PP2026
1266|282|1|5|12|2026|156.00|2026-05-09|PP2026
1267|282|1|6|12|2026|156.00|2026-06-09|PP2026
1268|282|1|7|12|2026|156.00|2026-07-09|PP2026
1269|282|1|8|12|2026|156.00|2026-08-09|PP2026
1270|282|1|9|12|2026|156.00|2026-09-09|PP2026
1271|282|1|10|12|2026|156.00|2026-10-09|PP2026
1272|282|1|11|12|2026|156.00|2026-11-09|PP2026
1273|282|1|12|12|2026|156.00|2026-12-09|PP2026
1274|283|1|1|2|2026|612.00|2026-05-13|PP2026
1275|283|1|2|2|2026|612.00|2026-11-13|PP2026
1276|284|1|1|12|2026|214.00|2026-03-09|IP2026
1277|284|1|2|12|2026|214.00|2026-04-09|IP2026
1278|284|1|3|12|2026|214.00|2026-05-09|IP2026
1279|284|1|4|12|2026|214.00|2026-06-09|IP2026
1280|284|1|5|12|2026|214.00|2026-07-09|IP2026
1281|284|1|6|12|2026|214.00|2026-08-09|IP2026
1282|284|1|7|12|2026|214.00|2026-09-09|IP2026
1283|284|1|8|12|2026|214.00|2026-10-09|IP2026
1284|284|1|9|12|2026|214.00|2026-11-09|IP2026
1285|284|1|10|12|2026|214.00|2026-12-09|IP2026
1286|284|1|11|12|2026|214.00|2027-01-09|IP2026
1287|284|1|12|12|2026|214.00|2027-02-09|IP2026
1288|285|1|1|12|2026|129.00|2026-02-02|PP2026
1289|285|1|2|12|2026|129.00|2026-03-02|PP2026
1290|285|1|3|12|2026|129.00|2026-04-02|PP2026
1291|285|1|4|12|2026|129.00|2026-05-02|PP2026
1292|285|1|5|12|2026|129.00|2026-06-02|PP2026
1293|285|1|6|12|2026|129.00|2026-07-02|PP2026
1294|285|1|7|12|2026|129.00|2026-08-02|PP2026
1295|285|1|8|12|2026|129.00|2026-09-02|PP2026
1296|285|1|9|12|2026|129.00|2026-10-02|PP2026
1297|285|1|10|12|2026|129.00|2026-11-02|PP2026
1298|285|1|11|12|2026|129.00|2026-12-02|PP2026
1299|285|1|12|12|2026|129.00|2027-01-02|PP2026
1300|286|1|1|1|2026|1356.00|2026-01-06|IP2026
1301|287|1|1|1|2026|1596.00|2026-06-30|PP2026
1302|288|1|1|12|2026|157.00|2026-04-07|VP2026
1303|288|1|2|12|2026|157.00|2026-05-07|VP2026
1304|288|1|3|12|2026|157.00|2026-06-07|VP2026
1305|288|1|4|12|2026|157.00|2026-07-07|VP2026
1306|288|1|5|12|2026|157.00|2026-08-07|VP2026
1307|288|1|6|12|2026|157.00|2026-09-07|VP2026
1308|288|1|7|12|2026|157.00|2026-10-07|VP2026
1309|288|1|8|12|2026|157.00|2026-11-07|VP2026
1310|288|1|9|12|2026|157.00|2026-12-07|VP2026
1311|288|1|10|12|2026|157.00|2027-01-07|VP2026
1312|288|1|11|12|2026|157.00|2027-02-07|VP2026
1313|288|1|12|12|2026|157.00|2027-03-07|VP2026
1314|289|1|1|4|2026|342.00|2026-04-26|PP2026
1315|289|1|2|4|2026|342.00|2026-07-26|PP2026
1316|289|1|3|4|2026|342.00|2026-10-26|PP2026
1317|289|1|4|4|2026|342.00|2027-01-26|PP2026
1318|290|1|1|4|2026|624.00|2026-06-14|VP2026
1319|290|1|2|4|2026|624.00|2026-09-14|VP2026
1320|290|1|3|4|2026|624.00|2026-12-14|VP2026
1321|290|1|4|4|2026|624.00|2027-03-14|VP2026
1322|291|1|1|1|2026|1428.00|2026-05-17|PP2026
1323|292|1|1|4|2026|459.00|2026-01-14|IP2026
1324|292|1|2|4|2026|459.00|2026-04-14|IP2026
1325|292|1|3|4|2026|459.00|2026-07-14|IP2026
1326|292|1|4|4|2026|459.00|2026-10-14|IP2026
1327|293|1|1|1|2026|1260.00|2026-01-31|PP2026
1328|294|1|1|1|2026|2352.00|2026-03-15|VP2026
1329|295|1|1|4|2026|495.00|2026-01-03|VP2026
1330|295|1|2|4|2026|495.00|2026-04-03|VP2026
1331|295|1|3|4|2026|495.00|2026-07-03|VP2026
1332|295|1|4|4|2026|495.00|2026-10-03|VP2026
1333|296|1|1|12|2026|195.00|2026-05-13|IP2026
1334|296|1|2|12|2026|195.00|2026-06-13|IP2026
1335|296|1|3|12|2026|195.00|2026-07-13|IP2026
1336|296|1|4|12|2026|195.00|2026-08-13|IP2026
1337|296|1|5|12|2026|195.00|2026-09-13|IP2026
1338|296|1|6|12|2026|195.00|2026-10-13|IP2026
1339|296|1|7|12|2026|195.00|2026-11-13|IP2026
1340|296|1|8|12|2026|195.00|2026-12-13|IP2026
1341|296|1|9|12|2026|195.00|2027-01-13|IP2026
1342|296|1|10|12|2026|195.00|2027-02-13|IP2026
1343|296|1|11|12|2026|195.00|2027-03-13|IP2026
1344|296|1|12|12|2026|195.00|2027-04-13|IP2026
1345|297|1|1|1|2026|2124.00|2026-06-11|PP2026
1346|298|1|1|2|2026|882.00|2026-01-06|PP2026
1347|298|1|2|2|2026|882.00|2026-07-06|PP2026
1348|299|1|1|12|2026|182.00|2026-04-22|IP2026
1349|299|1|2|12|2026|182.00|2026-05-22|IP2026
1350|299|1|3|12|2026|182.00|2026-06-22|IP2026
1351|299|1|4|12|2026|182.00|2026-07-22|IP2026
1352|299|1|5|12|2026|182.00|2026-08-22|IP2026
1353|299|1|6|12|2026|182.00|2026-09-22|IP2026
1354|299|1|7|12|2026|182.00|2026-10-22|IP2026
1355|299|1|8|12|2026|182.00|2026-11-22|IP2026
1356|299|1|9|12|2026|182.00|2026-12-22|IP2026
1357|299|1|10|12|2026|182.00|2027-01-22|IP2026
1358|299|1|11|12|2026|182.00|2027-02-22|IP2026
1359|299|1|12|12|2026|182.00|2027-03-22|IP2026
1360|300|1|1|4|2026|486.00|2026-05-03|PP2026
1361|300|1|2|4|2026|486.00|2026-08-03|PP2026
1362|300|1|3|4|2026|486.00|2026-11-03|PP2026
1363|300|1|4|4|2026|486.00|2027-02-03|PP2026
1364|301|1|1|12|2026|140.00|2026-05-30|PP2026
1365|301|1|2|12|2026|140.00|2026-06-30|PP2026
1366|301|1|3|12|2026|140.00|2026-07-30|PP2026
1367|301|1|4|12|2026|140.00|2026-08-30|PP2026
1368|301|1|5|12|2026|140.00|2026-09-30|PP2026
1369|301|1|6|12|2026|140.00|2026-10-30|PP2026
1370|301|1|7|12|2026|140.00|2026-11-30|PP2026
1371|301|1|8|12|2026|140.00|2026-12-30|PP2026
1372|301|1|9|12|2026|140.00|2027-01-30|PP2026
1373|301|1|10|12|2026|140.00|2027-02-28|PP2026
1374|301|1|11|12|2026|140.00|2027-03-30|PP2026
1375|301|1|12|12|2026|140.00|2027-04-30|PP2026
1376|302|1|1|2|2026|1020.00|2026-04-03|VP2026
1377|302|1|2|2|2026|1020.00|2026-10-03|VP2026
1378|303|1|1|2|2026|954.00|2026-05-17|PP2026
1379|303|1|2|2|2026|954.00|2026-11-17|PP2026
1380|304|1|1|1|2026|2364.00|2026-02-26|VP2026
1381|305|1|1|4|2026|558.00|2026-03-02|VP2026
1382|305|1|2|4|2026|558.00|2026-06-02|VP2026
1383|305|1|3|4|2026|558.00|2026-09-02|VP2026
1384|305|1|4|4|2026|558.00|2026-12-02|VP2026
1385|306|1|1|1|2026|2136.00|2026-05-31|VP2026
1386|307|1|1|2|2026|912.00|2026-04-15|VP2026
1387|307|1|2|2|2026|912.00|2026-10-15|VP2026
1388|308|1|1|12|2026|196.00|2026-04-21|VP2026
1389|308|1|2|12|2026|196.00|2026-05-21|VP2026
1390|308|1|3|12|2026|196.00|2026-06-21|VP2026
1391|308|1|4|12|2026|196.00|2026-07-21|VP2026
1392|308|1|5|12|2026|196.00|2026-08-21|VP2026
1393|308|1|6|12|2026|196.00|2026-09-21|VP2026
1394|308|1|7|12|2026|196.00|2026-10-21|VP2026
1395|308|1|8|12|2026|196.00|2026-11-21|VP2026
1396|308|1|9|12|2026|196.00|2026-12-21|VP2026
1397|308|1|10|12|2026|196.00|2027-01-21|VP2026
1398|308|1|11|12|2026|196.00|2027-02-21|VP2026
1399|308|1|12|12|2026|196.00|2027-03-21|VP2026
1400|309|1|1|2|2026|1182.00|2026-06-13|IP2026
1401|309|1|2|2|2026|1182.00|2026-12-13|IP2026
1402|310|1|1|4|2026|423.00|2026-03-23|IP2026
1403|310|1|2|4|2026|423.00|2026-06-23|IP2026
1404|310|1|3|4|2026|423.00|2026-09-23|IP2026
1405|310|1|4|4|2026|423.00|2026-12-23|IP2026
1406|311|1|1|2|2026|1104.00|2026-02-12|IP2026
1407|311|1|2|2|2026|1104.00|2026-08-12|IP2026
1408|312|1|1|12|2026|202.00|2026-05-16|VP2026
1409|312|1|2|12|2026|202.00|2026-06-16|VP2026
1410|312|1|3|12|2026|202.00|2026-07-16|VP2026
1411|312|1|4|12|2026|202.00|2026-08-16|VP2026
1412|312|1|5|12|2026|202.00|2026-09-16|VP2026
1413|312|1|6|12|2026|202.00|2026-10-16|VP2026
1414|312|1|7|12|2026|202.00|2026-11-16|VP2026
1415|312|1|8|12|2026|202.00|2026-12-16|VP2026
1416|312|1|9|12|2026|202.00|2027-01-16|VP2026
1417|312|1|10|12|2026|202.00|2027-02-16|VP2026
1418|312|1|11|12|2026|202.00|2027-03-16|VP2026
1419|312|1|12|12|2026|202.00|2027-04-16|VP2026
1420|313|1|1|4|2026|591.00|2026-05-25|IP2026
1421|313|1|2|4|2026|591.00|2026-08-25|IP2026
1422|313|1|3|4|2026|591.00|2026-11-25|IP2026
1423|313|1|4|4|2026|591.00|2027-02-25|IP2026
1424|314|1|1|2|2026|1140.00|2026-06-17|VP2026
1425|314|1|2|2|2026|1140.00|2026-12-17|VP2026
1426|315|1|1|1|2026|1956.00|2026-03-23|PP2026
1427|316|1|1|4|2026|483.00|2026-03-03|PP2026
1428|316|1|2|4|2026|483.00|2026-06-03|PP2026
1429|316|1|3|4|2026|483.00|2026-09-03|PP2026
1430|316|1|4|4|2026|483.00|2026-12-03|PP2026
1431|317|1|1|12|2026|204.00|2026-02-20|VP2026
1432|317|1|2|12|2026|204.00|2026-03-20|VP2026
1433|317|1|3|12|2026|204.00|2026-04-20|VP2026
1434|317|1|4|12|2026|204.00|2026-05-20|VP2026
1435|317|1|5|12|2026|204.00|2026-06-20|VP2026
1436|317|1|6|12|2026|204.00|2026-07-20|VP2026
1437|317|1|7|12|2026|204.00|2026-08-20|VP2026
1438|317|1|8|12|2026|204.00|2026-09-20|VP2026
1439|317|1|9|12|2026|204.00|2026-10-20|VP2026
1440|317|1|10|12|2026|204.00|2026-11-20|VP2026
1441|317|1|11|12|2026|204.00|2026-12-20|VP2026
1442|317|1|12|12|2026|204.00|2027-01-20|VP2026
1443|318|1|1|1|2026|1272.00|2026-06-10|PP2026
1444|319|1|1|4|2026|588.00|2026-06-06|VP2026
1445|319|1|2|4|2026|588.00|2026-09-06|VP2026
1446|319|1|3|4|2026|588.00|2026-12-06|VP2026
1447|319|1|4|4|2026|588.00|2027-03-06|VP2026
1448|320|1|1|2|2026|1188.00|2026-01-19|VP2026
1449|320|1|2|2|2026|1188.00|2026-07-19|VP2026
1450|321|1|1|4|2026|489.00|2026-03-24|VP2026
1451|321|1|2|4|2026|489.00|2026-06-24|VP2026
1452|321|1|3|4|2026|489.00|2026-09-24|VP2026
1453|321|1|4|4|2026|489.00|2026-12-24|VP2026
1454|322|1|1|1|2026|2196.00|2026-01-18|VP2026
